613.441
613.441
613.442
613.442
613.442
613.442
613.442
613.444
613.444
613.444
613.444
613.444
613.442
613.442
613.442
613.442
613.442
613.442
613.441
613.441
613.441
613.441
613.441
613.441
613.444
613.444
613.444
613.444
613.444
613.444
613.444
613.444
613.442
613.442
613.442
613.442
613.442
613.443
613.443
613.443
613.443
613.443
613.443
613.442
613.442
613.442
613.442
613.442
613.442
613.442
613.442
613.442
613.442
613.443
613.443
613.443
613.443
613.443
613.443
613.443
613.443
613.443
613.443
613.443
613.443
613.443
613.443
613.443
613.443
613.443
613.443
613.443
613.443
613.443
613.443
613.443
613.444
613.444
613.444
613.444
613.444
613.444
613.444
613.444
613.444
613.444
613.444
613.444
613.444
613.444
613.444
613.444
613.444
613.444
613.444
613.444
613.444
613.443
613.443
613.443
613.443
613.443
613.443
613.443
613.443
613.442
613.442
613.442
613.442
613.442
613.442
613.442
613.442
613.442
613.442
613.442
613.442
613.442
613.442
613.442
613.442
613.442
613.442
613.442
613.442
613.442
613.442
613.442
613.442
613.442
613.442