613.445
613.445
613.445
613.445
613.445
613.445
613.445
613.445
613.445
613.445
613.446
613.446
613.446
613.446
613.446
613.446
613.446
613.446
613.446
613.446
613.446
613.446
613.446
613.409
613.409
613.409
613.409
613.409
613.445
613.445
613.445
613.445
613.445
613.445
613.445
613.445
613.445
613.445
613.445
613.445
613.445
613.445
613.445
613.407
613.407
613.407
613.407
613.407
613.444
613.444
613.444
613.444
613.444
613.445
613.445
613.445
613.445
613.445
613.407
613.407
613.407
613.407
613.407
613.445
613.445
613.445
613.445
613.445
613.446
613.446
613.446
613.446
613.446
613.44
613.44
613.44
613.44
613.44
613.446
613.446
613.446
613.446
613.446
613.444
613.444
613.444
613.444
613.444
613.445
613.445
613.445
613.445
613.445
613.413
613.413
613.413
613.413
613.413
613.445
613.445
613.445
613.445
613.445
613.446
613.446
613.446
613.446
613.446
613.445
613.445
613.445
613.445
613.445
613.445
613.445
613.445
613.407
613.407
613.407
613.407
613.407
613.444
613.444
613.444
613.444
613.444
613.445
613.445
613.445
613.445
613.445
613.438
613.438
613.438
613.438
613.438
613.443
613.443
613.443
613.443
613.443
613.444
613.444
613.444
613.444
613.444
613.444
613.444
613.444
613.444
613.444
613.407
613.407
613.407
613.407
613.407
613.444
613.444
613.444
613.444
613.444
613.445
613.445
613.445
613.445
613.445
613.439
613.439
613.439
613.439
613.439
613.444
613.444
613.444
613.444
613.444
613.444
613.407
613.407
613.407
613.407
613.407
613.444
613.444
613.444
613.444
613.444
613.444
613.444
613.444
613.444
613.444
613.445
613.445
613.445
613.445
613.445
613.445
613.445
613.445
613.445
613.445
612.445
612.445
612.445
612.445
612.445
613.446
613.446
613.446
613.446
613.446
613.446
613.407
613.407
613.407
613.407
613.407
614.442
614.442
614.442
614.442
614.442
613.407
613.407
613.407
613.407
613.407
613.443
613.443
613.443
613.443
613.443
613.444
613.444
613.444
613.444
613.444
613.438
613.438
613.438
613.438
613.438
613.438
613.443
613.443
613.443
613.443
613.443
613.406
613.406
613.406
613.406
613.406
613.444
613.444
613.444
613.444
613.444
613.443
613.443
613.443
613.443
613.443
613.444
613.444
613.444
613.444
613.444
613.445
613.445
613.445
613.445
613.445
613.445