613.446
613.446
613.446
613.446
613.446
613.445
613.445
613.445
613.445
613.445
613.445
613.445
613.445
613.445
613.445
613.445
613.445
613.445
613.445
613.445
613.445
613.445
613.445
613.445
613.445
613.445
613.446
613.446
613.446
613.446
613.446
613.446
613.447
613.447
613.447
613.447
613.447
613.447
613.447
613.447
613.447
613.447
613.447
613.447
613.447
613.447
613.447
613.447
613.447
613.447
613.447
613.445
613.445
613.445
613.445
613.445
613.447
613.447
613.447
613.447
613.447
613.447
613.446
613.446
613.446
613.446
613.446
613.445
613.445
613.445
613.445
613.445
613.445
613.446
613.446
613.446
613.446
613.446
613.446
613.446
613.446
613.448
613.448
613.448
613.448
613.448
613.448
613.445
613.445
613.445
613.445
613.445
613.445
613.445
613.445
613.447
613.447