-0.0598937252
-0.059328319
-0.0598242914
-0.0605973664
-0.060009942
-0.0598749208
-0.0610815076
-0.0612714946
-0.0593473404
-0.0603791626
-0.060800006
-0.0608870354
-0.0622331678
-0.0621138548
-0.0605220446
-0.0611367022
-0.0594516122
-0.0612209384
-0.0606852066
-0.060324281
-0.06103138
-0.0593791608
-0.059132477
-0.0607902972
-0.0608883684
-0.0609253716
-0.060773429
-0.062277425
-0.0618359866
-0.0624808278
-0.0610889506
-0.0623782988
-0.0617501158
-0.0607710078
-0.060899088
-0.0645340982
-0.0617931552
-0.0618508398
-0.0621884316
-0.062455908
-0.0614081418
-0.0611723214
-0.059479445
-0.0615046496
-0.061010682
-0.0616434256
-0.061634037
-0.0630232072
-0.0607531236
-0.0608308408
-0.0612969996
-0.0613595468
-0.0620507112
-0.0618565276
-0.0621845396
-0.0624409574
-0.0625380936
-0.0628935116
-0.0620678898
-0.0618260286
-0.06141507
-0.0622469012
-0.0631009928
-0.0626949612
-0.0612472122
-0.0628134272
-0.0609374948
-0.0626954136
-0.060807394
-0.0606156614
-0.0626085546
-0.0606355902
-0.0611260496
-0.0611557912
-0.0617344542
-0.0608472368
-0.0617363586
-0.0609264072
-0.060739735
-0.0603950482
-0.0605925248
-0.0609884162
-0.0609966914
-0.0593084546
-0.0610897594
-0.0622263222
-0.0604919738
-0.0625157486
-0.0623694772
-0.0613494662
-0.0616365428
-0.0609019692
-0.0612812878
-0.061517084
-0.0599989854
-0.0624050026
-0.0605052982
-0.0614679382
-0.0597578076
-0.0605229894
-0.0620775642
-0.062328804
-0.0613504224
-0.062235861
-0.0606267508
-0.0617593158
-0.0621474486
-0.0616681068
-0.062242137
-0.0620125708
-0.0614393076
-0.0622175956
-0.0627243154
-0.0624680634
-0.0615404728
-0.0620120936
-0.0609724792
-0.0633253788
-0.0607468926
-0.0614797208
-0.0615692464
-0.0606778358
-0.0593484168
-0.0622336118
-0.0609232546
-0.0606032702
-0.0594180238
-0.0611889922
-0.059644301
-0.0616220918
-0.0622588274
-0.0609338628
-0.0619688206
-0.0596601634
-0.0619353088
-0.06181289
-0.0608475808
-0.0627849218
-0.061518458
-0.061858796
-0.0619383864
-0.0610754444
-0.0628220358
-0.0624103052
-0.0602897936
-0.0621840192
-0.0612606918
-0.0606406074
-0.060503819
-0.0604255664
-0.05967359
-0.061393962
-0.0597635726
-0.058856344
-0.059468828
-0.0600704804
-0.0598955488
-0.061167828
-0.0596546734
-0.060180072
-0.0604843828
-0.059649487
-0.060629703
-0.0600763806
-0.0602391508
-0.0598287322
-0.060648672
-0.0604210928
-0.0591815562
-0.058993937
-0.059129056
-0.0612538858
-0.0601838098
-0.0600103864
-0.0592270732
-0.0608138318
-0.0613872884
-0.0624958562
-0.0619186888
-0.063212725
-0.0602947308
-0.0605221414
-0.0604957224
-0.0608189692
-0.0600228056
-0.0606401014
-0.060542011
-0.0599100424
-0.060554615
-0.0603936094
-0.0610456788
-0.06042505
-0.0599302178
-0.060591921
-0.0596940554
-0.058305202
-0.0625074372
-0.0600785188
-0.0600559896
-0.0623320642
-0.061196178
-0.0604705224
-0.0609805584
-0.06065557
-0.0611514754
-0.0610889118
-0.0615560254
-0.0617828118
-0.0606460066
-0.0606556278
-0.062027588
-0.060988598
-0.0606280606
-0.0603082098
-0.0602004292
-0.0604348316
-0.060561668
-0.0610503098
-0.0594435556
-0.0617628742
-0.061312199
-0.0626558908
-0.0618363462
-0.0615138648
-0.0600708136
-0.0619441384
-0.0614766464
-0.0619770062
-0.0612827444
-0.0599988498
-0.0617309588
-0.060954483
-0.060500782
-0.0603719084
-0.0605376156
-0.0608093848
-0.0618445804
-0.0613080868
-0.0600062014
-0.0608425056
-0.0608648172
-0.0624064518
-0.0609891972
-0.0608342306
-0.0615355716
-0.0616876378
-0.0620423942
-0.061363416
-0.0617040332
-0.0612609244
-0.0617135146
-0.0611469272
-0.0622875452
-0.0605428502
-0.0606722242
-0.0617715098
-0.0620967856
-0.0617304518
-0.0606059382
-0.0606624698
-0.0613931698
-0.0605175506
-0.060704108
-0.0614099978
-0.0600810298
-0.0600914644
-0.0586492644
-0.0605176476
-0.0596971486
-0.0604609228
-0.0599422572
-0.0618081476
-0.0616084076
-0.0616091066
-0.0614569392
-0.0624637026
-0.0609685332
-0.0621116468
-0.0607251202
-0.0600104778
-0.061533022
-0.0612504948
-0.06049154
-0.0610708032
-0.0605915896
-0.0608817208
-0.0602587342
-0.0610250694
-0.0618238376
-0.0607926582
-0.0618513312
-0.06318802
-0.0619600796
-0.0612076584
-0.059845418
-0.0613394378
-0.0622080624
-0.0602300366
-0.0601458874
-0.06019484
-0.059706264
-0.0606267596
-0.05992039
-0.0604855336
-0.0607012312
-0.060418287
-0.0614320716
-0.0603861046
-0.06047795
-0.0603763474
-0.059931035
-0.061758774
-0.061029693
-0.0611909768
-0.0595437076
-0.0608507332
-0.0603408134
-0.0603463438
-0.059178098
-0.062009648
-0.0606473714
-0.0601275202
-0.0607422906
-0.0607194476
-0.0608654616
-0.0596425048
-0.060936056
-0.0615242302
-0.060730239
-0.0610530132
-0.060520891
-0.0615563622
-0.0607083806
-0.0603529382
-0.0605108224
-0.0599405394
-0.0603907258
-0.0592775774
-0.0598674938
-0.0600972598
-0.0598632266
-0.0613900482
-0.0600834126
-0.0604481298
-0.0598621774
-0.0599050814
-0.0616316934
-0.061121472
-0.059825636
-0.0604251046
-0.0610915094
-0.0588676332
-0.0614941584
-0.0610741014
-0.0605713194
-0.0619690722
-0.0622921174
-0.0615637114
-0.06214342
-0.0626584148
-0.061358444
-0.0620917492
-0.0624151214
-0.0623832006
-0.0620586466
-0.0614866932
-0.0622876308
-0.0612413726
-0.0597874346
-0.0620539598
-0.060491356
-0.0599426016
-0.0602892774
-0.0618595948
-0.0621102546
-0.0621695816
-0.060312817
-0.062452802
-0.0613286044
-0.060894779
-0.0616806514
-0.0624763362
-0.0608426776
-0.0603780196
-0.0598461626
-0.0608731888
-0.060172152
-0.061991422
-0.060775021
-0.0609954486
-0.0607001284
-0.0599777992
-0.060899628
-0.0612192996
-0.0629903658
-0.0615237988
-0.061305428
-0.0614017566
-0.0616676894
-0.060714578
-0.0624933042
-0.0621489296
-0.061626028
-0.0619265372
-0.0612777774
-0.06153514
-0.061290222
-0.061280319
-0.0619117092
-0.0606456862
-0.0608378266
-0.0623004232
-0.061556577
-0.062783374
-0.0619470504
-0.060772043
-0.0609282672
-0.0618707886
-0.0615448288
-0.060741814
-0.0603050196
-0.0596410282
-0.0621106304
-0.0610282014
-0.0610100144
-0.0608777936
-0.06073602
-0.0609996244
-0.0593401586
-0.0599012174
-0.0607409776
-0.0601546482
-0.0601699524
-0.06174604
-0.061741743
-0.0613244882
-0.0623338244
-0.0602753794
-0.0614001822
-0.0610410972
-0.0603598392
-0.0597785064
-0.0611365294
-0.0609994138
-0.0623232054
-0.0604345278
-0.0608052358
-0.0625599274
-0.0615084866
-0.0614416644
-0.0611423798
-0.0601482656
-0.0618009834
-0.0614945782
-0.06197164
-0.0621321644
-0.0604346992
-0.0601240214
-0.0616083824
-0.0594460162
-0.0608460012
-0.0589795172
-0.060850907
-0.0602276832
-0.0611328518
-0.0598369882
-0.061046892
-0.0610084126
-0.0600278954
-0.0594306564
-0.0608433808
-0.0613544802
-0.0612613126
-0.0595398976
-0.0621959766
-0.0622072438
-0.0612328362
-0.0607503918
-0.0610814182
-0.0617699864
-0.060631175
-0.0609972514
-0.0593659954
-0.0604426196
-0.059787719
-0.0619969984
-0.061487551
-0.0617799732
-0.060063374
-0.0621875622
-0.0602075754
-0.06094098
-0.061353342
-0.060299755
-0.0606178476
-0.060221706
-0.0618535008
-0.061784873
-0.0620717358
-0.060692465
-0.0597299732
-0.0611540114
-0.0592266056
-0.0618779462
-0.060966286
-0.060178724
-0.0605136218
-0.0603175826
-0.0600349418
-0.059238137
-0.0609402872
-0.0608373594
-0.060314631
-0.0611513802
-0.0607533404
-0.0608851824
-0.0617345842
-0.0602431904
-0.0615141728
-0.0602978632
-0.060600401
-0.0611255328
-0.060302209
-0.0594517598
-0.0602335414
-0.061783835
-0.0604514524
-0.0607147266
-0.0617264024
-0.0618307798
-0.0606241518
-0.061956744
-0.0610065376
-0.059062774
-0.0592377918
-0.061111912
-0.0610381096
-0.0601700744
-0.0598295332
-0.0606412498
-0.0585294702
-0.0620298148
-0.0595155944
-0.0597580308
-0.0612900456
-0.0616419178
-0.0601344664
-0.058316639
-0.061055137
-0.0616409544
-0.0601769036
-0.0588832282
-0.0610127812
-0.0593128112
-0.0602262242
-0.0596688848
-0.059636396
-0.0603464356
-0.0603863614
-0.0604796698
-0.061685561
-0.0599567466
-0.061545955
-0.0608615836
-0.0591787862
-0.0603129516
-0.0617791904
-0.0600646562
-0.0619226866
-0.0606838768
-0.0601240266
-0.060050219
-0.0602084706
-0.0587798536
-0.059928488
-0.0622103162
-0.0595275582
-0.0590410574
-0.0593013938
-0.0614634042
-0.0599052962
-0.061674809
-0.0613739304
-0.0595972726
-0.0599884966
-0.0605190798
-0.060622509
-0.0616247438
-0.0594428236
-0.059602442
-0.0604955662
-0.060636083
-0.0615768732
-0.0618327804
-0.0619777094
-0.0599994178
-0.0604791246
-0.0603294566
-0.0605479964
-0.058973632
-0.0595389886
-0.060151378
-0.0592387894
-0.0595437728
-0.0605920692
-0.0603093668
-0.0605189088
-0.0604641932
-0.0603310958
-0.059980557
-0.0604466262
-0.0604768952
-0.0612437178
-0.0593502512
-0.0596532992
-0.060261268
-0.0612887888
-0.0579625646
-0.0599983694
-0.0591468172
-0.0601739622
-0.060219696
-0.060218866
-0.0602010266
-0.0609499674
-0.0591860796
-0.0591218154
-0.0588738478
-0.0610416112
-0.0596252628
-0.0589842194
-0.0584214762
-0.0595059946
-0.0583637496
-0.059432243
-0.05966164
-0.0608862528
-0.0608858278
-0.0600046488
-0.0593349834
-0.0612022822
-0.0592460706
-0.0595808924
-0.0594330178
-0.058930341
-0.0597939792
-0.0599936284
-0.0599242548
-0.0602509372
-0.0595567482
-0.0598610358
-0.0604526122
-0.059427728
-0.058844312
-0.058997954
-0.0602784094
-0.0603471904
-0.0604848468
-0.0607889264
-0.0593115126
-0.0592015786
-0.0583956734
-0.0601687934
-0.0587068866
-0.0585684896
-0.0594489054
-0.0596469312
-0.059729396
-0.0589643624
-0.0596763776
-0.0598345872
-0.0592535516
-0.0600218016
-0.0590481878
-0.0594394622
-0.059952849
-0.059238255
-0.0581122206
-0.060170184
-0.059941133
-0.0588025122
-0.0595114176
-0.0604659986
-0.060499337
-0.0586923196
-0.0613163758
-0.0587699054
-0.059878447
-0.0619431586
-0.0619204864
-0.0595505178
-0.0603321004
-0.0595366682
-0.0593457028
-0.0595854358
-0.0591211934
-0.058709459
-0.0611123654
-0.0617862326
-0.0601322182
-0.0598511122
-0.0603120398
-0.0607783198
-0.0599896554
-0.0611002164
-0.059518012
-0.0592577988
-0.0603342368
-0.0582598126
-0.0597850938
-0.058761094
-0.0590783242
-0.059136484
-0.0588807478
-0.0591517734
-0.0584488054
-0.060693212
-0.0605682414
-0.0590491778
-0.0600116238
-0.058298547
-0.0583008274
-0.0588602402
-0.0587049586
-0.0593978198
-0.0598609212
-0.0580595736
-0.0584754872
-0.059052274
-0.0594891792
-0.0597017774
-0.058944719
-0.0610296258
-0.0589793332
-0.059294066
-0.0604873042
-0.0603743652
-0.0593113692
-0.0594801978
-0.0588296428
-0.0594621302
-0.0588067176
-0.05895005
-0.0584320196
-0.0605158826
-0.0595518858
-0.0595938388
-0.0601157734
-0.0617066312
-0.0611991912
-0.0592447086
-0.0597444294
-0.0606947346
-0.0580200746
-0.0597664824
-0.060413164
-0.0607054154
-0.0591548096
-0.0596974758
-0.0597455934
-0.0583585068
-0.0609100584
-0.059165437
-0.0607204796
-0.0587405008
-0.058704417
-0.0595004662
-0.0607379896
-0.0596251118
-0.0598742068
-0.0603989034
-0.058642202
-0.0596223464
-0.0592321142
-0.059358181
-0.0598005448
-0.0585037218
-0.0596422318
-0.0589442914
-0.0614664648
-0.0612036228
-0.0605784754
-0.0587184978
-0.0599534556
-0.0595312644
-0.059949656
-0.0594834444
-0.0584622524
-0.060362781
-0.0587418912
-0.0600002648
-0.0615045806
-0.0583037376
-0.0594578058
-0.0613595208
-0.0614205532
-0.0600912646
-0.0606937146
-0.0592304314
-0.0591018824
-0.0606907656
-0.0615983628
-0.0602338624
-0.0597854554
-0.060261717
-0.0588809296
-0.0610670658
-0.0593643808
-0.0599128752
-0.0600324418
-0.0597937594
-0.0591484442
-0.0590333122
-0.058363663
-0.0588730972
-0.0592193816
-0.060091101
-0.0589786798
-0.060587182
-0.0590928406
-0.0614190574
-0.0600287174
-0.06057141
-0.0601570388
-0.060096683
-0.0604788228
-0.0609966452
-0.0604073096
-0.0595974006
-0.0591508984
-0.0577196828
-0.0578198844
-0.0588822408
-0.057646708
-0.0594319716
-0.0597332688
-0.0577297614
-0.0606374674
-0.0606256856
-0.0592226562
-0.060583803
-0.0608503018
-0.0593918264
-0.0600700574
-0.0596464378
-0.0592745422
-0.0598858592
-0.059237439
-0.0583364056
-0.0602713192
-0.0611218666
-0.0595300952
-0.0599862642
-0.0597813084
-0.05945673
-0.0601771688
-0.0607599198
-0.059267345
-0.060321395
-0.0596241036
-0.0592088272
-0.0598074794
-0.0602429646
-0.0587654406
-0.059750564
-0.0605239074
-0.0618757396
-0.0609562848
-0.0604844572
-0.0607303804
-0.0612830876
-0.0616315028
-0.061336734
-0.0589264458
-0.0614974162
-0.0624414242
-0.060123296
-0.0593461594
-0.0610043108
-0.0602136298
-0.058633093
-0.0595311706
-0.0596865818
-0.0590963504
-0.060698298
-0.0580646528
-0.0589144162
-0.0590399406
-0.0603447554
-0.0595488014
-0.0592169108
-0.0591319644
-0.0609652448
-0.0600611994
-0.0594681384
-0.0604238974
-0.059751753
-0.0597237884
-0.0595704432
-0.0602725762
-0.0615912894
-0.0606996096
-0.0597100572
-0.059793064
-0.0590278794
-0.0591716922
-0.0590760922
-0.0583781928
-0.0586381554
-0.0604166558
-0.0584625334
-0.0600505448
-0.0585074938
-0.0588542598
-0.0597711944
-0.0590898566
-0.0592852076
-0.0594926798
-0.0600130586
-0.0595120286
-0.0605852832
-0.0593599256
-0.0596076666
-0.0609727966
-0.0600625976
-0.0604790584
-0.0588490558
-0.0587982912
-0.0601039078
-0.060426002
-0.060305808
-0.0616850628
-0.0612328316
-0.0597997882
-0.0612713162
-0.0596773874
-0.0598493742
-0.0599875378
-0.0598430306
-0.0603528264
-0.0577412352
-0.0602262164
-0.0602528326
-0.0612208476
-0.0602244668
-0.05918615
-0.0606860382
-0.060932499
-0.0587812974
-0.0602252886
-0.059076569
-0.060490185
-0.060012493
-0.0609028904
-0.0596274336
-0.0601594236
-0.0606001862
-0.0613495696
-0.0603322398
-0.0596430734
-0.0600766416
-0.0601560446
-0.0605972992
-0.0593843892
-0.0595015214
-0.0608848498
-0.0592762186
-0.0612008886
-0.0595662204
-0.0590417834
-0.058863353
-0.059793983
-0.0591351482
-0.0589389666
-0.0603234334
-0.0604544326
-0.05886514
-0.0598158216
-0.0601216992
-0.0599640866
-0.0604712814
-0.0609916014
-0.0601282092
-0.06026438
-0.0592537458
-0.0603407794
-0.0604667044
-0.0614342578
-0.0594306616
-0.059656406
-0.0609554494
-0.060958872
-0.0603481384
-0.0598147038
-0.0602036948
-0.0577312778
-0.0589588522
-0.0592289516
-0.0601886182
-0.0588710694
-0.0604773922
-0.0594844324
-0.0604807298
-0.05967128
-0.0578442302
-0.0606174478
-0.0588889606
-0.0586101004
-0.0607379658
-0.0593551408
-0.0606047328
-0.060576496
-0.0594894132
-0.0611086974
-0.0608194208
-0.059863467
-0.0596609382
-0.058812368
-0.059594679
-0.0601555902
-0.0577726284
-0.0580588006
-0.060062887
-0.059639262
-0.0601399248
-0.059404221
-0.0592279772
-0.0596639468
-0.0602260252
-0.060664025
-0.0592973158
-0.0593716738
-0.0598463546
-0.0595202286
-0.0599128854
-0.0589548494
-0.058347034
-0.0588903426
-0.0602357852
-0.0591949194
-0.0606282646
-0.060148959
-0.059206716
-0.0592552118
-0.0612497544
-0.0608320948
-0.059746713
-0.0593852642
-0.0598406038
-0.0610472122
-0.0597133038
-0.0599177266
-0.0605657706
-0.0593384462
-0.060184382
-0.058102471
-0.059691482
-0.0593157438
-0.0577980002
-0.0596452552
-0.0600349106
-0.0597691004
-0.0588196876
-0.0582025866
-0.0597930874
-0.0605694208
-0.0588061646
-0.0588871308
-0.059234759
-0.0594862602
-0.0585830764
-0.0595771518
-0.0587691836
-0.0586886972
-0.0605594944
-0.0582353978
-0.0593528632
-0.0601454118
-0.0601551494
-0.0600085856
-0.0602454366
-0.0602777878
-0.0604606232
-0.0608471442
-0.0590990534
-0.061617956
-0.060572529
-0.059899314
-0.0604905598
-0.0586054954
-0.0594534194
-0.0599222866
-0.0592569498
-0.0595742108
-0.0603451966
-0.0602142352
-0.0594387042
-0.0599191846
-0.0588886348
-0.0596857492
-0.0598319426
-0.058961553
-0.060985163
-0.0599828378
-0.05834813
-0.059141915
-0.0611395092
-0.0595406976
-0.0591719812
-0.0608455144
-0.0592279492
-0.060846228
-0.0601011824
-0.0582539162
-0.0596076322
-0.0594514056
-0.0599166204
-0.0611537366
-0.061293657
-0.0604568122
-0.0610510688
-0.0611362782
-0.0623593174
-0.060659256
-0.059954547
-0.058795065
-0.060641487
-0.0589214836
-0.0586916104
-0.058443646
-0.0600929094
-0.0610357086
-0.0584685802
-0.060086415
-0.059175983
-0.0600278316
-0.0599035112
-0.0593839596
-0.0603561596
-0.060737407
-0.061503105
-0.061123074
-0.0614178014
-0.0589292
-0.0597980398
-0.0599570598
-0.0589358946
-0.0588780874
-0.0593462396
-0.0613193676
-0.0597660118
-0.0603622794
-0.0611104502
-0.0607056446
-0.0593060308
-0.0603817864
-0.0603773864
-0.0596904398
-0.060185973
-0.0600556598
-0.0609333386
-0.060075248
-0.0606046894
-0.061055211
-0.0611306432
-0.0609229044
-0.0602067978
-0.0597395296
-0.0592178506
-0.0610198848
-0.0592143602
-0.0611110574
-0.0599713114
-0.06186557
-0.0615000414
-0.0609266882
-0.061312479
-0.0610823408
-0.0583336738
-0.0610183244
-0.0601881254
-0.060558591
-0.06218651
-0.0614228236
-0.0616402052
-0.0619594164
-0.0618409772
-0.061867409
-0.0602921052
-0.059446038
-0.0597264158
-0.0586207852
-0.061351995
-0.0587436548
-0.0604837282
-0.0594169946
-0.0599136342
-0.0607866504
-0.0606365112
-0.0607704724
-0.0599337904
-0.0618743198
-0.0613800858
-0.0601710574
-0.060920182
-0.0609963196
-0.0619025048
-0.0597659508
-0.0610538
-0.0594392582
-0.060156025
-0.0605741842
-0.0601066154
-0.0593615052
-0.0606602034
-0.0599621506
-0.0606918522
-0.0605931818
-0.0600396342
-0.0605503568
-0.060070725
-0.0605760404
-0.0600918858
-0.0604835906
-0.060574395
-0.05943203
-0.058683851
-0.0586601976
-0.059262343
-0.0595464398
-0.0577011528
-0.0593880798
-0.0590333872
-0.0600229666
-0.0607880716
-0.059148707
-0.0601896476
-0.0591212968
-0.0599602114
-0.0586175232
-0.0590771836
-0.0611734684
-0.0602945396
-0.0598178404
-0.0605803178
-0.060123344
-0.0608716254
-0.0609405984
-0.059648295
-0.0612616056
-0.0607347116
-0.0602295892
-0.0601453334
-0.059686503
-0.059647318
-0.060993366
-0.0602407144
-0.0605178236
-0.0590281662
-0.0592078592
-0.0593044322
-0.06139044
-0.0598392476
-0.060316607
-0.0606600958
-0.0596913604
-0.0607550462
-0.0593241204
-0.0614908462
-0.0602125824
-0.0592871664
-0.0595751078
-0.0615117322
-0.0603713204
-0.059823105
-0.0601472574
-0.0604559526
-0.0599067336
-0.0613694606
-0.0599804362
-0.0606743204
-0.060128446
-0.0596947604
-0.0611311958
-0.0601524558
-0.059737615
-0.0616484666
-0.0605011756
-0.0612231982
-0.061378841
-0.060341292
-0.0599990838
-0.0614228642
-0.0620857148
-0.0621844594
-0.0626568102
-0.0617395488
-0.0607035442
-0.0595134882
-0.0607450266
-0.0599166172
-0.0612721688
-0.060408836
-0.0610735154
-0.061132819
-0.0611920628
-0.0607826838
-0.0602086448
-0.0612287266
-0.060880388
-0.0602077008
-0.0595563504
-0.0601977172
-0.0604136378
-0.05935446
-0.0597352836
-0.0589194498
-0.0597711058
-0.0609174404
-0.0621274164
-0.061001641
-0.0615205548
-0.0604930948
-0.0613738092
-0.0587907928
-0.0599832012
-0.059257103
-0.0596063932
-0.0599540138
-0.0599575884
-0.0599758544
-0.0598043072
-0.061016626
-0.0604573948
-0.0610939626
-0.0603260912
-0.0621518534
-0.0614390434
-0.0618299168
-0.0609106824
-0.0613257412
-0.0600483892
-0.0584040142
-0.0599393504
-0.059945426
-0.061036585
-0.0608047366
-0.0606473426
-0.060974166
-0.0612733132
-0.0594732806
-0.061299983
-0.0602479966
-0.0602573862
-0.0590294604
-0.0602031816
-0.0586999324
-0.0596628118
-0.0620307644
-0.0609952218
-0.0588767986
-0.0589266518
-0.0588892998
-0.0597593558
-0.0593124514
-0.0584834558
-0.057652069
-0.0596670756
-0.0616622094
-0.0588974448
-0.0585988694
-0.0599860928
-0.0592457072
-0.0590178706
-0.0589448262
-0.0598678484
-0.0598633454
-0.0597762208
-0.0604381286
-0.0594762666
-0.0589651266
-0.0584345244
-0.0592624418
-0.0593055822
-0.0602779402
-0.0605035408
-0.0600644382
-0.060324481
-0.0594367868
-0.0589482876
-0.0596115022
-0.0602620722
-0.0611660606
-0.061012331
-0.0606756734
-0.0584671532
-0.0596688248
-0.0613027474
-0.0604571888
-0.0597969062
-0.0594026134
-0.059298197
-0.0598541352
-0.0597100842
-0.0602147518
-0.0605044642
-0.0575882266
-0.0597248162
-0.0586479486
-0.0614844008
-0.0576101206
-0.0601388598
-0.059524258
-0.0603099502
-0.0602967604
-0.0603531674
-0.0600966442
-0.0589539534
-0.0598705502
-0.0596290904
-0.0607573456
-0.059480126
-0.0601488104
-0.060244832
-0.0599581156
-0.0597075946
-0.0596165836
-0.0591717496
-0.0607002428
-0.0612299656
-0.0592778574
-0.0595352522
-0.059700381
-0.0588905952
-0.0592967372
-0.0606070752
-0.0581665942
-0.0597085504
-0.0606911258
-0.0606696348
-0.0618158622
-0.0578251476
-0.0594942828
-0.0600270666
-0.0600521984
-0.0612720864
-0.0593278122
-0.0621935732
-0.0610592614
-0.059737419
-0.0604225094
-0.0598346286
-0.0592301494
-0.0604340008
-0.0592806074
-0.05955826
-0.060496917
-0.0600593132
-0.0608276176
-0.0593537406
-0.0588073472
-0.059274277
-0.059973456
-0.0604896012
-0.0606371258
-0.0589296446
-0.0595879378
-0.0587568072
-0.0597210096
-0.0582003706
-0.0607404008
-0.0588457528
-0.0611934382
-0.0606804922
-0.0602356888
-0.0596900256
-0.0588738944
-0.0593457856
-0.060031733
-0.0606192808
-0.061521894
-0.0582226274
-0.0592273556
-0.0593953894
-0.0608549482
-0.059616901
-0.0594782056
-0.0601220668
-0.05981877
-0.061267153
-0.0604411678
-0.0612482238
-0.0602916886
-0.061214243
-0.0608268334
-0.0599276092
-0.0605724638
-0.0593642318
-0.0597855076
-0.0593341294
-0.0585168436
-0.0598650484
-0.0596295704
-0.0605781696
-0.059662243
-0.0596067934
-0.0596138006
-0.0584938672
-0.0587470192
-0.0599427326
-0.0584652534
-0.0589914756
-0.0600035404
-0.0597846694
-0.0592046794
-0.0604707508
-0.0606383918
-0.0604694992
-0.0597190302
-0.0596695926
-0.0607130484
-0.059759313
-0.0606066702
-0.0602053646
-0.0606254774
-0.059284516
-0.0611704088
-0.057800717
-0.0606316758
-0.0587582768
-0.0593897182
-0.061201706
-0.0596574064
-0.0586447224
-0.0588330608
-0.0595414246
-0.060517516
-0.0588892034
-0.0612042034
-0.058241778
-0.059807231
-0.060364451
-0.059404919
-0.0592640982
-0.0612223378
-0.0605488972
-0.060139999
-0.058488735
-0.0581978382
-0.0610071704
-0.0602862372
-0.0588618444
-0.0602218556
-0.0581152952
-0.0593844176
-0.0598216574
-0.0584592368
-0.0599178654
-0.0596714882
-0.0595945056
-0.0588282682
-0.0584175614
-0.0604210932
-0.0594075352
-0.0591507026
-0.0601033602
-0.0590184344
-0.0598505186
-0.061400035
-0.059921017
-0.0606140512
-0.0588537174
-0.0608922998
-0.0604280098
-0.0601787092
-0.0600178288
-0.0604486252
-0.0600151564
-0.0603613576
-0.061335203
-0.0610752286
-0.0616780332
-0.0591907986
-0.0575460704
-0.0605931776
-0.0603335368
-0.059873119
-0.0603339824
-0.061120715
-0.0613453544
-0.0612019136
-0.0587644982
-0.062058107
-0.0602228704
-0.0620405486
-0.0606181752
-0.059170259
-0.0594431916
-0.0595363174
-0.0584087104
-0.059682857
-0.059626853
-0.0593478172
-0.059811123
-0.0611780666
-0.0590756068
-0.0586603136
-0.0597684914
-0.059571327
-0.057828569
-0.0590026748
-0.0573015494
-0.0583392268
-0.058609798
-0.0604132828
-0.0599550938
-0.0605650638
-0.0599522844
-0.05975646
-0.0592749616
-0.058987906
-0.0601717028
-0.0592256466
-0.0607284868
-0.0605008868
-0.060557601
-0.0599400254
-0.059751474
-0.0581772674
-0.0605956206
-0.0593465246
-0.0592527842
-0.061151671
-0.059640179
-0.05975806
-0.0581898136
-0.0605191258
-0.058813026
-0.0605185058
-0.0603513972
-0.060132898
-0.0594004278
-0.0614125828
-0.059483391
-0.0591478736
-0.058460829
-0.0591338902
-0.0577166132
-0.0600660526
-0.0588741378
-0.0598099754
-0.059576526
-0.0585866958
-0.0587542432
-0.0586515746
-0.0583954438
-0.0589577448
-0.057535936
-0.057766458
-0.0582804012
-0.0593640956
-0.0585565882
-0.057277614
-0.0592776668
-0.0578388798
-0.059152818
-0.0592151668
-0.0585690334
-0.0581897416
-0.0599736938
-0.0589775872
-0.0578389106
-0.0583054682
-0.0604378354
-0.0598872028
-0.057900065
-0.0594226004
-0.0590377536
-0.0581084854
-0.0582982722
-0.058446204
-0.0590422764
-0.0572791656
-0.0586509808
-0.0575471532
-0.0594411652
-0.0592744966
-0.0600127692
-0.0597704264
-0.0596392382
-0.0596888006
-0.0606184854
-0.059124756
-0.060882911
-0.0597708758
-0.0596081646
-0.0603841146
-0.059302533
-0.060658957
-0.059457125
-0.0602962376
-0.0604548082
-0.059002835
-0.059329043
-0.058304034
-0.0589628054
-0.0604845956
-0.0570301394
-0.058608513
-0.0589764472
-0.0589805372
-0.0600015728
-0.05830365
-0.0596629708
-0.0609051568
-0.058061764
-0.059451736
-0.0593191624
-0.059265169
-0.0603821842
-0.0595046544
-0.0601090238
-0.0595948906
-0.059497971
-0.0604068472
-0.0590733588
-0.0588214372
-0.0591059916
-0.058798922
-0.0585017352
-0.0586961816
-0.05976566
-0.0601659066
-0.0603116364
-0.058722133
-0.0595864486
-0.058079715
-0.0614648984
-0.059174554
-0.0606673844
-0.05929304
-0.0594995152
-0.0604222022
-0.0613342202
-0.059942632
-0.058837603
-0.058520203
-0.059649984
-0.0598181656
-0.0573151534
-0.0584667772
-0.0590702978
-0.0580845166
-0.0587095014
-0.0590341164
-0.0581344798
-0.0593158072
-0.0589591178
-0.059198864
-0.05830835
-0.058096152
-0.0589661886
-0.0575626922
-0.057552248
-0.0584161332
-0.0579338754
-0.0584829778
-0.0567270458
-0.0588834206
-0.0569941004
-0.0581497732
-0.0588734596
-0.0587051532
-0.0586638198
-0.0587818254
-0.0590105202
-0.0590709424
-0.0591833094
-0.0586698328
-0.059283627
-0.0567914098
-0.0575856
-0.0575383432
-0.058356127
-0.0582149266
-0.0581088122
-0.0584292238
-0.0587303656
-0.0584862138
-0.059316288
-0.0600459128
-0.060046348
-0.0600360372
-0.0591756742
-0.0594065288
-0.0602481928
-0.0592453422
-0.058574155
-0.0594385914
-0.0573078958
-0.0583469344
-0.0601465958
-0.058874084
-0.0596732326
-0.059894213
-0.0586531868
-0.0582480268
-0.05974622
-0.0583099904
-0.0576303748
-0.0580562742
-0.0594375448
-0.059567422
-0.0589318834
-0.059958861
-0.0582920924
-0.0592825904
-0.058123006
-0.057582067
-0.0595770782
-0.0568792998
-0.0583027714
-0.0576445306
-0.0591699048
-0.0588783534
-0.0584411024
-0.0585988124
-0.059175039
-0.0594306946
-0.0583415868
-0.0605279126
-0.0604539962
-0.0594019666
-0.0590785604
-0.0601947048
-0.0587748288
-0.060958509
-0.0605013486
-0.058297585
-0.0608937948
-0.0585670932
-0.059233042
-0.0586831256
-0.0588842452
-0.0589936212
-0.0577362092
-0.0598041116
-0.0586721168
-0.0610604508
-0.0601474004
-0.0583369124
-0.0602193786
-0.060343461
-0.0609360994
-0.0608663674
-0.0582001506
-0.059469614
-0.0599094934
-0.0603800452
-0.059744182
-0.0588639858
-0.0589462072
-0.0597718616
-0.0578557832
-0.059938418
-0.0586092802
-0.058851624
-0.058872266
-0.0594446886
-0.0594107324
-0.0589261154
-0.060069473
-0.058981919
-0.0585832274
-0.0592461888
-0.0596791048
-0.060299548
-0.0598894608
-0.0602990546
-0.0596843586
-0.05936392
-0.0603865966
-0.0577661364
-0.0587476712
-0.0598527286
-0.0601205172
-0.0589269896
-0.0600742816
-0.0591345462
-0.060308884
-0.058479091
-0.0588041178
-0.060368868
-0.0588189104
-0.0601800642
-0.059942938
-0.0612397014
-0.0601725708
-0.060927847
-0.0597482632
-0.058445843
-0.0605646686
-0.06085012
-0.0607046284
-0.0602690984
-0.0596698894
-0.0583961198
-0.0621827164
-0.0595191894
-0.06053446
-0.0605952628
-0.0600270218
-0.0599511348
-0.060491076
-0.0608435106
-0.059165615
-0.0597430232
-0.0583247784
-0.0600711988
-0.0615966958
-0.0603426194
-0.0608362868
-0.0609787182
-0.0594371642
-0.0611132152
-0.0605567058
-0.0590319758
-0.0571216358
-0.0586031336
-0.0607289088
-0.0590186492
-0.0598408342
-0.0590095324
-0.061162307
-0.0585734082
-0.0581920754
-0.0597294934
-0.0590855146
-0.0607295142
-0.0586588426
-0.058810578
-0.0589158764
-0.0598202708
-0.0602315624
-0.0602840604
-0.0586712656
-0.0595355542
-0.059223672
-0.0576652206
-0.0596076596
-0.058073328
-0.0595049978
-0.0604108324
-0.0607914896
-0.0603158372
-0.0596290728
-0.060823563
-0.0587111416
-0.059716419
-0.0583966226
-0.0587042592
-0.0588320424
-0.0590562382
-0.0606609288
-0.060267984
-0.059959964
-0.0599982388
-0.0604028262
-0.0605909094
-0.0611583748
-0.0596992874
-0.0596131908
-0.0584820878
-0.059988328
-0.0598395994
-0.0602184234
-0.0590913588
-0.0593897648
-0.0595726252
-0.0574030978
-0.058163998
-0.0598577518
-0.059964629
-0.0608361862
-0.0600809132
-0.059877187
-0.059414158
-0.0600847782
-0.0581829868
-0.0604261566
-0.0593291646
-0.05891104
-0.0579278432
-0.0607402158
-0.0583669506
-0.0577394676
-0.060234352
-0.0598422462
-0.0591592796
-0.0591592796