-0.0666962014
-0.0663272464
-0.0689748492
-0.0665520638
-0.0682679486
-0.0655136748
-0.0677330626
-0.0678599414
-0.0657672602
-0.066163637
-0.0660755774
-0.066867611
-0.0665682256
-0.0662405774
-0.0665427944
-0.0674071972
-0.0679395672
-0.0667712696
-0.0671290572
-0.067415622
-0.067913283
-0.0683012852
-0.0686005588
-0.0689137056
-0.0680224644
-0.0674450188
-0.067487928
-0.0675119834
-0.067740979
-0.0670104198
-0.0672384744
-0.0680976754
-0.0682987974
-0.0661218272
-0.0666248312
-0.0664063372
-0.0666089712
-0.066843246
-0.0668008218
-0.0667842752
-0.0651145232
-0.0672705464
-0.0676254114
-0.0658118136
-0.0656165014
-0.065581407
-0.0674066588
-0.067233879
-0.065560135
-0.0653126186
-0.0693033988
-0.0676445962
-0.0658948892
-0.067181889
-0.0669708306
-0.0674627926
-0.067858251
-0.0667920836
-0.0665847332
-0.0676162642
-0.0668350192
-0.0667675404
-0.0673274462
-0.0681202298
-0.0679759596
-0.0661106602
-0.0666430886
-0.0679566056
-0.0673534998
-0.067687889
-0.067782174
-0.0681644352
-0.068660125
-0.0669795882
-0.0671749272
-0.0678603298
-0.067275356
-0.0682649866
-0.067649236
-0.0687893076
-0.068182886
-0.0685045962
-0.066714705
-0.069412598
-0.0670095004
-0.0680290764
-0.0672309066
-0.0676647446
-0.0679406362
-0.0676104912
-0.0686561046
-0.0659468666
-0.0677377416
-0.0680069664
-0.0676768916
-0.0667395136
-0.0691405672
-0.0681602778
-0.0689978004
-0.0678065164
-0.0683392106
-0.0677991508
-0.0665804114
-0.0686866886
-0.0677426204
-0.0667636996
-0.066941738
-0.0671814034
-0.0675741736
-0.0686355694
-0.0680420888
-0.0683486314
-0.067547849
-0.0668772564
-0.0688775908
-0.066983688
-0.0669848816
-0.0680468332
-0.0675884908
-0.068317196
-0.0684281842
-0.0669940148
-0.066700305
-0.067474426
-0.0679179716
-0.0679647296
-0.0679501142
-0.0680880056
-0.0691984942
-0.0683687398
-0.0672752644
-0.068079176
-0.067637847
-0.068215246
-0.069141546
-0.0692360466
-0.0694640858
-0.067140065
-0.0680401414
-0.0664559216
-0.0667609052
-0.0686450258
-0.0688700652
-0.0685963866
-0.067067425
-0.068577825
-0.0683899846
-0.067388457
-0.0675452634
-0.0671036004
-0.0679348576
-0.0674625486
-0.0673922794
-0.0673872262
-0.0680083286
-0.0683983414
-0.0687710734
-0.068114693
-0.0675191282
-0.0682098068
-0.0671055038
-0.0684524652
-0.0688103884
-0.0682289454
-0.067397117
-0.0679049558
-0.0682239482
-0.0670221742
-0.0681658084
-0.068151528
-0.0688308504
-0.068474229
-0.0691976678
-0.0687706944
-0.0686091864
-0.0684681996
-0.068792856
-0.0677285518
-0.0691431626
-0.068751452
-0.0675687228
-0.0693117214
-0.0681999348
-0.0677546702
-0.0689730832
-0.0691048266
-0.0680669598
-0.0688161292
-0.0682174428
-0.0687189522
-0.0701104982
-0.0674029292
-0.0688464004
-0.0684392092
-0.0678740322
-0.0683288752
-0.0681916328
-0.068053447
-0.0677662568
-0.0661507698
-0.0676936916
-0.0698869556
-0.0668115806
-0.067306422
-0.0685495074
-0.0692846462
-0.0683546526
-0.0692813426
-0.0680814656
-0.0678213594
-0.0679608628
-0.066335975
-0.0677637592
-0.068907093
-0.0689878212
-0.0688195
-0.0686545018
-0.0671394904
-0.0672880198
-0.0677747248
-0.0671265338
-0.0678431384
-0.0682958014
-0.0685818034
-0.068616646
-0.0685908254
-0.0687226938
-0.067496401
-0.0685635758
-0.0681056648
-0.0676066152
-0.067888918
-0.0676893116
-0.0661278086
-0.0670393654
-0.066003608
-0.0662613076
-0.067703794
-0.0672146218
-0.0667524526
-0.0666838536
-0.066884567
-0.0667880178
-0.0679907896
-0.067980697
-0.0681693228
-0.0680215754
-0.0676789862
-0.0670316218
-0.0682955746
-0.0681669576
-0.0673291152
-0.0687764324
-0.0682598206
-0.069476887
-0.068753596
-0.0666600152
-0.069046764
-0.0676721074
-0.0662273536
-0.0668288656
-0.0681123368
-0.0679025684
-0.0672069272
-0.0682621226
-0.0678436058
-0.0672065716
-0.0685084644
-0.0681630332
-0.066403693
-0.0679015386
-0.068828897
-0.0675094102
-0.068750261
-0.0667043212
-0.0680732174
-0.0674839598
-0.0679209188
-0.0673760122
-0.0690240928
-0.0669292478
-0.0647165836
-0.066221986
-0.0679959872
-0.0665284646
-0.0667422012
-0.0672736328
-0.0675035172
-0.067174898
-0.067651197
-0.067315531
-0.0676998192
-0.067100335
-0.0673570492
-0.069016079
-0.0675781572
-0.0698058244
-0.0684789064
-0.068299279
-0.0690290964
-0.068354806
-0.0675056368
-0.0673182686
-0.0677859668
-0.0666793256
-0.066724553
-0.067898915
-0.0679153236
-0.0676471336
-0.0671469286
-0.0665785764
-0.067250667
-0.0680806696
-0.0682866114
-0.0672920524
-0.0666808418
-0.0670885938
-0.0672220556
-0.067673168
-0.0686857132
-0.0680779448
-0.0686436514
-0.067517297
-0.0685165004
-0.0682311146
-0.0682140504
-0.067777809
-0.067535166
-0.0698083588
-0.0688332008
-0.0688182072
-0.0678861808
-0.0682649754
-0.0676737608
-0.0684517932
-0.0685361178
-0.0693356044
-0.0674059582
-0.0674305324
-0.0679425584
-0.0688052906
-0.0686922104
-0.067708415
-0.0683498154
-0.0674148346
-0.0680773296
-0.0677671254
-0.067193304
-0.0676079568
-0.068559462
-0.0670839886
-0.0669512706
-0.0687663634
-0.0689982004
-0.06653651
-0.067745279
-0.0656182804
-0.066530853
-0.067480256
-0.0663408092
-0.0671549876
-0.0667943402
-0.0673172874
-0.068361869
-0.0681197388
-0.0668531832
-0.0672976526
-0.0674035216
-0.0663125904
-0.0678012882
-0.066636424
-0.0667995148
-0.0670251542
-0.0669916234
-0.0684308372
-0.0662900368
-0.0673922796
-0.0674241852
-0.0671952744
-0.0676312358
-0.0667092754
-0.0677247954
-0.0665981108
-0.0682067026
-0.0672276282
-0.0669534604
-0.0673286846
-0.0675898932
-0.0677712642
-0.0666052728
-0.0679543694
-0.0687478434
-0.0678722024
-0.0684222674
-0.0686131534
-0.0678495714
-0.0678980082
-0.0691677618
-0.066751318
-0.06643399
-0.0676787682
-0.0676174302
-0.0674466554
-0.0664129334
-0.066957161
-0.0667551538
-0.0665468154
-0.068012807
-0.0662425558
-0.0680351478
-0.0673931638
-0.0666636806
-0.0673829462
-0.0660937386
-0.0675716792
-0.0666023348
-0.0666175038
-0.0675341436
-0.0680015474
-0.0669457804
-0.0674622368
-0.0680729726
-0.0670300356
-0.0669992526
-0.0664151558
-0.0672028082
-0.0674731946
-0.0668569614
-0.0671189722
-0.0662291412
-0.0676509038
-0.065677824
-0.0675097188
-0.0664721188
-0.0670269532
-0.066455993
-0.0671951612
-0.0685731642
-0.068164233
-0.0672151298
-0.068031034
-0.067351328
-0.0672635334
-0.0683932044
-0.0664115552
-0.0677223948
-0.068748324
-0.0692924828
-0.067994177
-0.0681044972
-0.067895233
-0.0679192498
-0.0694703832
-0.0676257572
-0.0679672384
-0.0690564352
-0.0674939108
-0.0661245796
-0.0685325574
-0.0683132902
-0.0689064404
-0.0691071272
-0.0668318772
-0.0672272744
-0.0676837648
-0.0671176258
-0.067337804
-0.0679580558
-0.0665568384
-0.067680445
-0.0676984904
-0.067005568
-0.0675105068
-0.0682076586
-0.0679229956
-0.0670875714
-0.0675170798
-0.0670367874
-0.066321382
-0.0674649664
-0.0678855484
-0.065429038
-0.0684980684
-0.0691202286
-0.068329281
-0.0696382896
-0.0672497668
-0.0684412864
-0.0678555064
-0.0682771958
-0.0679138318
-0.0691466776
-0.066580294
-0.067883944
-0.068693994
-0.0674755908
-0.066868209
-0.0675543642
-0.068010264
-0.068558613
-0.0684034424
-0.0679625456
-0.0660303048
-0.0683025942
-0.0673850466
-0.066400756
-0.0657255628
-0.0656927762
-0.06665967
-0.066373973
-0.0670122106
-0.0666023116
-0.0658394336
-0.066294483
-0.065981069
-0.0672294086
-0.0670650682
-0.0672245226
-0.0661617642
-0.0673663552
-0.0674539458
-0.067245005
-0.0674237812
-0.0665058436
-0.0667555092
-0.0667902646
-0.0670241358
-0.0670286262
-0.0684256334
-0.0654075094
-0.0661270858
-0.0682236356
-0.0673314546
-0.067025733
-0.0676498442
-0.0668588666
-0.066890866
-0.067392248
-0.0676880068
-0.0676468266
-0.0661367866
-0.0675557258
-0.0674856282
-0.0673673778
-0.0679069846
-0.0668198994
-0.0677269464
-0.0659668668
-0.0680795708
-0.0684100896
-0.066849739
-0.0675846466
-0.06811333
-0.0673775412
-0.0669788096
-0.0668651788
-0.0668465428
-0.0678902358
-0.067273995
-0.0667584264
-0.0698671208
-0.0675564818
-0.0689274778
-0.0671261722
-0.0674984076
-0.0680365492
-0.0669208314
-0.067364722
-0.0664743024
-0.0678676792
-0.068204263
-0.0671424766
-0.068111551
-0.06849269
-0.0656038262
-0.0687515278
-0.0680091372
-0.0682984236
-0.0680924356
-0.0673372814
-0.0683009248
-0.0674132032
-0.0678361488
-0.0658795272
-0.0669216398
-0.0680618766
-0.0675950748
-0.0683310514
-0.0673819004
-0.068867142
-0.0687229964
-0.0676561856
-0.0674341026
-0.0668157992
-0.0683167856
-0.0691505736
-0.0677803822
-0.0675434018
-0.0666895448
-0.067987526
-0.0681369516
-0.0680643598
-0.067980261
-0.06842106
-0.0672805112
-0.0684972634
-0.0679503906
-0.0681018714
-0.0688064678
-0.06815254
-0.0666657558
-0.066977034
-0.0674210446
-0.0668762356
-0.0686390542
-0.0683933184
-0.0670295878
-0.0674692356
-0.0670026574
-0.0690918178
-0.0686395724
-0.0679421348
-0.0667923816
-0.0669997128
-0.0671013718
-0.0687406638
-0.0694969302
-0.0678404368
-0.0686228198
-0.0673853128
-0.0676244018
-0.0686634244
-0.0679460968
-0.0683879082
-0.067767501
-0.0692799424
-0.0682132842
-0.067743849
-0.0677565854
-0.0677013558
-0.0682730666
-0.0673022092
-0.0666767024
-0.0690454128
-0.06936447
-0.0689355248
-0.0693974354
-0.067410025
-0.0688761176
-0.0673983288
-0.0668421582
-0.0676723604
-0.0676792934
-0.0685691748
-0.069226731
-0.0671621192
-0.0683797844
-0.0684974912
-0.0686608462
-0.0677321334
-0.0668388794
-0.0672523008
-0.0681143452
-0.0674122186
-0.067412481
-0.067017517
-0.069552825
-0.0681970378
-0.0675462312
-0.0662539638
-0.0685717592
-0.067041813
-0.0674005058
-0.0666955146
-0.066768155
-0.0675650228
-0.0670157062
-0.066661165
-0.067648049
-0.0670909844
-0.0677468762
-0.0666608522
-0.067494421
-0.0670352242
-0.0662992014
-0.0678778276
-0.0678792968
-0.067768903
-0.0678319904
-0.0676633846
-0.0691090326
-0.0689919106
-0.0701558432
-0.0683974868
-0.0674392294
-0.069006833
-0.068871574
-0.0679099258
-0.0682013058
-0.0681049906
-0.0681023582
-0.0687906114
-0.0686757472
-0.0679225892
-0.0667115396
-0.0672925466
-0.0683184562
-0.0680927492
-0.0686680802
-0.0678931976
-0.0673050586
-0.0678122334
-0.0681806482
-0.067753441
-0.0681032964
-0.068315326
-0.0681551752
-0.0665470562
-0.0668302754
-0.0676667566
-0.066720585
-0.0674216284
-0.0673425764
-0.0670190458
-0.0667990642
-0.067348518
-0.0675108264
-0.0672116478
-0.0658479648
-0.0668688578
-0.0660944748
-0.067138473
-0.0667512242
-0.0669128364
-0.068041577
-0.0678221614
-0.067846808
-0.0671854918
-0.0663223056
-0.0666814938
-0.0675810476
-0.0688591028
-0.0664983416
-0.0661870898
-0.0656003708
-0.0662323852
-0.0671061922
-0.0676517772
-0.0689791188
-0.0658446194
-0.0658445988
-0.067971139
-0.0682045904
-0.0672605312
-0.0672615188
-0.0665611124
-0.0669931332
-0.0673612138
-0.0677264198
-0.066229631
-0.065387249
-0.0678722238
-0.0649361674
-0.0683838332
-0.066359234
-0.0673919296
-0.0686799064
-0.066072942
-0.0675010646
-0.0663185796
-0.066972423
-0.066544187
-0.0680975936
-0.0682881854
-0.066963748
-0.0669482884
-0.066940013
-0.0678280474
-0.0669829188
-0.0692689786
-0.066933684
-0.0679716274
-0.0684085776
-0.0668709986
-0.0671198144
-0.0680214002
-0.0669268312
-0.0665784126
-0.0662079962
-0.067167029
-0.0673091458
-0.0653088724
-0.065897842
-0.0669715104
-0.0669848074
-0.067282163
-0.0675390344
-0.0664845938
-0.0676844318
-0.066494658
-0.0662244774
-0.0683975896
-0.0666073618
-0.0682425292
-0.0672161524
-0.0664972536
-0.066317715
-0.0665189696
-0.0674945574
-0.06855522
-0.0686318016
-0.066045744
-0.0681438748
-0.0677838246
-0.067715683
-0.0673511654
-0.0664215368
-0.0684659116
-0.067018351
-0.0678338076
-0.0669987816
-0.0671142484
-0.0678455438
-0.0669408374
-0.067168466
-0.0682116232
-0.068145367
-0.0687402408
-0.0680116956
-0.0666452314
-0.0689804408
-0.0678501754
-0.0684171018
-0.068231452
-0.0677287274
-0.0674015104
-0.0669214248
-0.0686612332
-0.0669862492
-0.0671656984
-0.0671907658
-0.0670488198
-0.0678862688
-0.0686010102
-0.0681191108
-0.0677174368
-0.0672584038
-0.066761323
-0.066921055
-0.0685563162
-0.0677793866
-0.0686038728
-0.0681056458
-0.0670603958
-0.0671953246
-0.066625981
-0.0682532504
-0.0669326674
-0.0682743244
-0.067878814
-0.068143889
-0.0662307782
-0.0680038204
-0.0673108116
-0.0690069374
-0.0669147496
-0.0678590066
-0.0661116242
-0.067755588
-0.0671629278
-0.0672414522
-0.0644738054
-0.065991078
-0.067617488
-0.0666454674
-0.0661368814
-0.0664382266
-0.0680636176
-0.0660253574
-0.0682751064
-0.0673018504
-0.0666065858
-0.0667493466
-0.0670779494
-0.0651333372
-0.0647799326
-0.0659314816
-0.0663144194
-0.0658505136
-0.0668509578
-0.0674219168
-0.0669604726
-0.0667176812
-0.066461548
-0.0680373308
-0.0679425578
-0.067436655
-0.0686462048
-0.0681552578
-0.0674229244
-0.0678003246
-0.069044253
-0.067738432
-0.0677912324
-0.0673029422
-0.0674536348
-0.0677064352
-0.0666718566
-0.0685512576
-0.0676712898
-0.0680142948
-0.0669522942
-0.0677796902
-0.0678142606
-0.0685780704
-0.0671965958
-0.0680137712
-0.0681869714
-0.0665208724
-0.0668854034
-0.0672922768
-0.0685496486
-0.0682259726
-0.0673252886
-0.0658371992
-0.0663233206
-0.0666802094
-0.0678962826
-0.067178787
-0.065874381
-0.0674383524
-0.0663417484
-0.0664197724
-0.0677288232
-0.0670699266
-0.0668365862
-0.066809825
-0.066922937
-0.066598819
-0.0667785242
-0.0667944608
-0.0659718004
-0.06681694
-0.066571031
-0.0666331886
-0.067690412
-0.0668211256
-0.066874906
-0.0671126598
-0.0670641732
-0.0684851956
-0.06534311
-0.0673975874
-0.0677110834
-0.0659402586
-0.0674832712
-0.0657310412
-0.0664185242
-0.0652396654
-0.0643636818
-0.0661888516
-0.067128301
-0.0647939024
-0.0650509684
-0.0663722734
-0.067064794
-0.066891367
-0.0662733482
-0.0667832584
-0.0648466922
-0.0657708968
-0.067427983
-0.0665013516
-0.0663545128
-0.0682702742
-0.0667759576
-0.0676964636
-0.0664586346
-0.064921021
-0.0677430486
-0.0670154888
-0.0676549624
-0.0686620586
-0.0672788392
-0.0671030548
-0.067491074
-0.0679591936
-0.0666100962
-0.0681894512
-0.0675201248
-0.0678163256
-0.0687503748
-0.068282753
-0.0685251136
-0.0682216406
-0.0677100424
-0.0682092516
-0.068759403
-0.0699150426
-0.068171523
-0.068319627
-0.0688846778
-0.0680210194
-0.0677027282
-0.0672626438
-0.0667944602
-0.0661841368
-0.067174165
-0.0673093068
-0.0672914376
-0.0676030684
-0.0680558972
-0.067693131
-0.0665582638
-0.0666706494
-0.0665035094
-0.0671535344
-0.0668047306
-0.0675014642
-0.0665925634
-0.0667096994
-0.0678067216
-0.0666316968
-0.068085558
-0.0666786132
-0.0669235756
-0.0688147618
-0.0671815406
-0.0667352966
-0.0671092678
-0.0685385088
-0.0688288016
-0.0682924044
-0.0675961552
-0.0678100492
-0.068384639
-0.0688187176
-0.0684502404
-0.0693501862
-0.0672302632
-0.0672125966
-0.0677240372
-0.068413411
-0.0684654404
-0.0685797948
-0.0683712872
-0.068149725
-0.0659465858
-0.0677300586
-0.0668710882
-0.0681009648
-0.066299491
-0.0676460078
-0.067499488
-0.0693280898
-0.066383013
-0.0672916512
-0.0673776658
-0.0683985266
-0.0671099492
-0.0682446994
-0.0677874114
-0.068533421
-0.067598361
-0.066132447
-0.066754506
-0.0673654396
-0.0667760232
-0.0662222832
-0.0677656824
-0.0675816822
-0.0668179316
-0.0683166048
-0.0666974532
-0.0678404924
-0.0679889676
-0.0675757238
-0.0668264434
-0.0675935456
-0.0657682244
-0.0684836696
-0.0670146852
-0.0657039874
-0.0683660522
-0.0671860792
-0.0675593594
-0.0674435322
-0.0670907952
-0.0662789514
-0.0664570098
-0.0672122824
-0.0671409164
-0.0664062294
-0.0681183872
-0.0693995646
-0.06848849
-0.0676091782
-0.069066022
-0.0688012202
-0.0674850356
-0.067551753
-0.0679114718
-0.0675164996
-0.0692637634
-0.068385055
-0.0685357714
-0.0678318188
-0.0690049264
-0.0690505212
-0.0698944074
-0.067566753
-0.0669625998
-0.0680480286
-0.0700243802
-0.067494048
-0.0694633998
-0.0694119328
-0.0681054592
-0.0679378988
-0.0687467704
-0.0678597162
-0.0686779022
-0.06872553
-0.0676624424
-0.0671293814
-0.0688510008
-0.0691298928
-0.066701935
-0.067834891
-0.0665699698
-0.0667285586
-0.0662951298
-0.0665496106
-0.067809827
-0.067900887
-0.0685228
-0.0680115744
-0.068309341
-0.0674801134
-0.067739321
-0.0673874074
-0.0678190482
-0.0660336818
-0.0671341214
-0.0675126928
-0.06658081
-0.0682816104
-0.0683409586
-0.0673423408
-0.0684316304
-0.0683584912
-0.0689622524
-0.06897655
-0.0697507688
-0.0689316668
-0.06762438
-0.0684727354
-0.06946531
-0.0696646654
-0.068583447
-0.0686404916
-0.0678584954
-0.0673993668
-0.068698188
-0.0674267012
-0.0669179762
-0.0685960528
-0.068828586
-0.067376374
-0.0690107202
-0.0683357858
-0.0690135376
-0.0664258238
-0.0686948206
-0.06868468
-0.0669395966
-0.069219331
-0.0690995832
-0.0694331998
-0.0676338588
-0.0687647956
-0.0692278714
-0.0697634472
-0.069673764
-0.068740631
-0.0667159656
-0.0689204454
-0.0678529478
-0.0682515158
-0.0677200224
-0.0680637608
-0.0679543162
-0.0689117674
-0.0675586342
-0.069123582
-0.0681403118
-0.068460084
-0.0673141432
-0.068130479
-0.0689970236
-0.0674025372
-0.0679607588
-0.0665064932
-0.0673064678
-0.0682731178
-0.0673726204
-0.066966359
-0.0676993198
-0.067948207
-0.0681285556
-0.067476058
-0.0691623224
-0.0703926664
-0.0689422798
-0.0673817698
-0.0667740762
-0.0672085994
-0.0687764482
-0.068543363
-0.0679974756
-0.0680945782
-0.0691660056
-0.069403536
-0.0688884614
-0.0699992964
-0.0695984826
-0.0710935158
-0.069293794
-0.070094392
-0.068600325
-0.0691611994
-0.0694655188
-0.0681284358
-0.0685386996
-0.0676643484
-0.0681594582
-0.0688732964
-0.0688402814
-0.0679550626
-0.068539055
-0.069276037
-0.0691338014
-0.0678306172
-0.0692164828
-0.0668835252
-0.0680173428
-0.0683764156
-0.0681651928
-0.0679348254
-0.0674854132
-0.0684194376
-0.0675673252
-0.0682091702
-0.067967054
-0.0689737938
-0.0680241156
-0.0683320158
-0.0688385286
-0.0697536298
-0.0684307064
-0.068436887
-0.0683255434
-0.0667332068
-0.0673475384
-0.0672567678
-0.0676439154
-0.067627981
-0.0669964574
-0.0672278426
-0.0668211416
-0.0671675308
-0.067750148
-0.0670391276
-0.067495467
-0.0657785186
-0.067465066
-0.067497973
-0.0676002948
-0.0683417792
-0.0677952514
-0.0684741708
-0.0692154156
-0.0665601464
-0.0666931182
-0.0661115742
-0.0683885432
-0.0676451684
-0.0667799854
-0.0669674352
-0.0673357074
-0.0678372558
-0.0678142394
-0.0664404752
-0.0675824028
-0.0667529306
-0.0669835362
-0.0668941696
-0.0690620388
-0.068310432
-0.0665415486
-0.066668171
-0.0676089912
-0.0660827134
-0.0676369248
-0.0664227888
-0.0669884884
-0.0658130564
-0.0678708318
-0.066748885
-0.0685876698
-0.0680244278
-0.066616469
-0.0667710224
-0.0680285326
-0.0663518558
-0.0687010104
-0.0666092756
-0.0673785338
-0.0673366106
-0.0663102462
-0.066985832
-0.0661463188
-0.066586484
-0.0661315344
-0.0665126156
-0.066292418
-0.0666972582
-0.0662376068
-0.067874351
-0.0679488516
-0.067047761
-0.0671071392
-0.0673529074
-0.0675782192
-0.0688492076
-0.0682276216
-0.0689077858
-0.0681955036
-0.067001693
-0.0690486202
-0.0678664412
-0.0685691448
-0.0689179384
-0.0687838958
-0.0689212548
-0.0661538384
-0.0685886478
-0.0689886028
-0.0680922528
-0.0681497448
-0.0667729872
-0.0672456074
-0.0672857076
-0.066743603
-0.0676658072
-0.0683895968
-0.0675809892
-0.067287669
-0.0679279496
-0.0679424592
-0.0681357024
-0.0677128908
-0.0673750322
-0.0690061174
-0.0679031844
-0.0688978822
-0.0682392752
-0.0681123168
-0.0676491194
-0.0672700906
-0.0682385752
-0.0680558536
-0.0675068612
-0.0681542192
-0.0677984368
-0.0682613044
-0.0659140252
-0.0680794264
-0.066728645
-0.0658207814
-0.066466751
-0.0682060528
-0.0661166582
-0.0681993946
-0.0678351624
-0.0677979104
-0.0674190826
-0.0676384944
-0.0684387386
-0.0676738278
-0.0675619808
-0.0677147544
-0.067217189
-0.067316939
-0.0663766258
-0.0657500214
-0.0664320456
-0.0673916316
-0.0661840512
-0.0654423414
-0.067376525
-0.0663306144
-0.0669119014
-0.0676202808
-0.0678382178
-0.065266531
-0.0676483046
-0.0687942712
-0.067568189
-0.067622935
-0.0680365122
-0.0675256832
-0.0663092472
-0.06674245
-0.0667121048
-0.0670849696
-0.067161991
-0.0673317874
-0.0667881504
-0.0668890092
-0.0676936638
-0.067746943
-0.0667303008
-0.0668178524
-0.0663933414
-0.0676238556
-0.0662142394
-0.0667111366
-0.0681456408
-0.068475406
-0.0665558816
-0.0671206242
-0.0667688646
-0.0665671464
-0.0679316606
-0.0679016164
-0.0675846606
-0.0663203222
-0.0673448144
-0.0664678532
-0.06715618
-0.0680143654
-0.0679700856
-0.0677218702
-0.0678467414
-0.0669549628
-0.0680321802
-0.0674846904
-0.0666426066
-0.067869008
-0.068661679
-0.0685225132
-0.0683256314
-0.0690953166
-0.0689393818
-0.0685053132
-0.0685004174
-0.0674233374
-0.0684813102
-0.066828397
-0.0677706544
-0.068843135
-0.0680589786
-0.0674359512
-0.0691745584
-0.067706025
-0.0672596386
-0.069514127
-0.0690425668
-0.068776629
-0.0681418472
-0.0703573744
-0.069782054
-0.0692789972
-0.0674968874
-0.0691468256
-0.0686366896
-0.068393365
-0.0680161514
-0.068555309
-0.0669050378
-0.068127432
-0.067613205
-0.068128851
-0.0688400792
-0.0689535354
-0.0681715588
-0.0691372308
-0.0689183552
-0.068112823
-0.0688564602
-0.0687150694
-0.0703916402
-0.0686441096
-0.0679882004
-0.0685501082
-0.0686559732
-0.0665099332
-0.0686024816
-0.0675512852
-0.0695773044
-0.068275877
-0.0701051084
-0.0689499274
-0.0684472474
-0.0670199524
-0.0689077876
-0.0692860426
-0.0682370638
-0.0693490576
-0.0695245938
-0.0683909256
-0.0689938514
-0.06875959
-0.0692037612
-0.069360914
-0.0681482654
-0.069605122
-0.0691294184
-0.0685092646
-0.0681890612
-0.0677249744
-0.068287042
-0.0670439746
-0.0674335546
-0.0672293276
-0.0667592184
-0.0667003012
-0.067222719
-0.069137109
-0.0678938292
-0.068480587
-0.0694749972
-0.0684522522
-0.0674870094
-0.066416743
-0.068694711
-0.0677898628
-0.0676830826
-0.0671962828
-0.0685106642
-0.0694873736
-0.06744663
-0.067675794
-0.066983145
-0.0672434462
-0.0676867902
-0.0683568108
-0.0673746224
-0.0681585048
-0.0680743018
-0.0675720594
-0.0681177756
-0.067917411
-0.0675758208
-0.06841679
-0.0690540812
-0.0690612414
-0.0690393568
-0.0694371932
-0.0688409398
-0.069565462
-0.06886517
-0.0696414716
-0.0696138636
-0.0685065338
-0.068267108
-0.0684213438
-0.0675844326
-0.0683572388
-0.069601812
-0.068349555
-0.068287754
-0.0682165658
-0.0692084182
-0.0682779736
-0.0690130644
-0.0694035238
-0.0696461542
-0.0686484206
-0.0668940624
-0.0682835894
-0.0682835894