-0.0612923492
-0.061902964
-0.0613643238
-0.0618711978
-0.0617404518
-0.0615056262
-0.061236243
-0.0609735486
-0.061406907
-0.0608474554
-0.061821412
-0.0614925498
-0.060363496
-0.0627318472
-0.0617283542
-0.0618549908
-0.0617732936
-0.0621995276
-0.061346788
-0.0613625594
-0.0614070818
-0.0618281976
-0.0602709036
-0.0622167916
-0.0630599054
-0.0622375844
-0.0621936724
-0.0615590376
-0.062049433
-0.062186373
-0.0615350362
-0.0622703482
-0.0616054696
-0.0615723076
-0.06051266
-0.0619977376
-0.062284947
-0.0612949958
-0.0623995048
-0.0599473532
-0.060524884
-0.0616169754
-0.0612012978
-0.063466694
-0.0620077506
-0.0628619344
-0.0621568178
-0.0626531652
-0.061887144
-0.0620448768
-0.0612984464
-0.0615638842
-0.0623201824
-0.062586949
-0.0629519584
-0.0624692012
-0.0620048136
-0.0611255042
-0.0623371562
-0.062958841
-0.0606147814
-0.0626920744
-0.0619694034
-0.061582302
-0.0627341738
-0.061501167
-0.0613323156
-0.0620807042
-0.0611177396
-0.0615131192
-0.062351435
-0.0616019894
-0.0628674212
-0.06298923
-0.0619810356
-0.0623093356
-0.0614261104
-0.062659776
-0.0623865252
-0.0612006874
-0.061929262
-0.0611202892
-0.062872074
-0.0623226838
-0.0608290374
-0.0598646286
-0.0615975598
-0.060206422
-0.0626580116
-0.0617853428
-0.0604923622
-0.0620421336
-0.0614449154
-0.0608018758
-0.0613174748
-0.0625273624
-0.0620473486
-0.063369914
-0.060389727
-0.0625226126
-0.0631010256
-0.0633579132
-0.0613007728
-0.062642415
-0.0613727474
-0.061493257
-0.0606294286
-0.0622237226
-0.0626593106
-0.0612481468
-0.061416436
-0.0624469642
-0.0624339362
-0.0645141474
-0.0643169136
-0.0633028156
-0.064309711
-0.0634452424
-0.0630246886
-0.0632553078
-0.0622426542
-0.062614643
-0.0618998036
-0.0613573928
-0.0640166276
-0.0623302252
-0.0641273178
-0.0627648828
-0.0635022792
-0.0632725718
-0.0636892284
-0.0640006812
-0.0640632048
-0.06304617
-0.06344943
-0.0631908748
-0.0632515074
-0.064534058
-0.0638913384
-0.0641376026
-0.0639264288
-0.0642055348
-0.0635082796
-0.0625166124
-0.0627170064
-0.0624621736
-0.063100754
-0.061954194
-0.064170076
-0.0632755572
-0.063030127
-0.0621307616
-0.0604768328
-0.0637390142
-0.0632877328
-0.0636456848
-0.0638622674
-0.0622043256
-0.0623818238
-0.0636700064
-0.0629184092
-0.0637718078
-0.0636018026
-0.0619979312
-0.0620815378
-0.0625886836
-0.0626844362
-0.0637603208
-0.0627801404
-0.0619534868
-0.061192971
-0.0645454186
-0.0625164672
-0.062103358
-0.0630596634
-0.0637254724
-0.0631365812
-0.0634144364
-0.0634263888
-0.0626479986
-0.0622531326
-0.0619249292
-0.064482411
-0.0613284966
-0.0634338818
-0.0629033452
-0.0623087252
-0.0619717782
-0.062557781
-0.0625072098
-0.0626293386
-0.0620475234
-0.0610806616
-0.061582961
-0.062264426
-0.0619864442
-0.0619282346
-0.0612343818
-0.0622329316
-0.0629092002
-0.0619927646
-0.0616524638
-0.0621401158
-0.0606037112
-0.062234841
-0.0617340344
-0.0617120208
-0.0625188904
-0.0625141406
-0.0644178328
-0.0620889826
-0.062900825
-0.0637825094
-0.0623253304
-0.0610496622
-0.0624938616
-0.0639794528
-0.063411548
-0.0617667796
-0.062454487
-0.0615298212
-0.0624346732
-0.0624022966
-0.060461575
-0.0610638144
-0.062107352
-0.062635581
-0.0614848334
-0.0627569244
-0.0622115766
-0.0615154458
-0.0628599282
-0.0625471762
-0.0628847336
-0.0646182268
-0.0625723986
-0.0635919346
-0.0632664264
-0.0638508584
-0.064172354
-0.0631025668
-0.0627295692
-0.0618335578
-0.062762091
-0.0651521658
-0.063049669
-0.0616125942
-0.0630799128
-0.0632679674
-0.0626286016
-0.0641231302
-0.0625146544
-0.06195591
-0.060709555
-0.0620649812
-0.0613083142
-0.060645122
-0.0627892526
-0.0613221276
-0.0620757312
-0.0629400062
-0.0615009734
-0.0626592138
-0.063661311
-0.0627953982
-0.0627713968
-0.0639484238
-0.0617714808
-0.0632020416
-0.0624012208
-0.0639163672
-0.0625217304
-0.0625676972
-0.0635563494
-0.0625451698
-0.0619458672
-0.0626783876
-0.0610433418
-0.0607816264
-0.061324309
-0.0607755292
-0.0612534102
-0.0613535738
-0.061596726
-0.0599451234
-0.0613996372
-0.0618179614
-0.061142962
-0.06031371
-0.0588899834
-0.062487716
-0.0634780842
-0.0613380442
-0.063194597
-0.0620485508
-0.0610002152
-0.061595669
-0.0614364918
-0.0615759816
-0.0613157588
-0.062843885
-0.0628424892
-0.0605400152
-0.06261822
-0.0621743238
-0.0629730416
-0.0624100128
-0.0618708106
-0.060784098
-0.0621202052
-0.0623572604
-0.0622820772
-0.0630221202
-0.062183853
-0.0621633802
-0.0608388084
-0.062070691
-0.0618249406
-0.0613361832
-0.0626379074
-0.06235917
-0.0637169036
-0.0617293332
-0.0620090012
-0.0608395454
-0.0612964884
-0.0619886254
-0.0632262366
-0.0630890734
-0.0626719218
-0.0631571022
-0.062411312
-0.0618702188
-0.0618803584
-0.0613477186
-0.0625170292
-0.0619905834
-0.0624900908
-0.0616906658
-0.0617878144
-0.062647068
-0.06395834
-0.0621973464
-0.0621541712
-0.0645359676
-0.0630510164
-0.063866213
-0.0639193042
-0.063300266
-0.0626972708
-0.0624067558
-0.0615402028
-0.0618667682
-0.06353578
-0.0623641912
-0.063216514
-0.0634261654
-0.0628679832
-0.064696347
-0.0634020188
-0.0626667068
-0.0624381722
-0.0628947764
-0.062255779
-0.060179707
-0.0615298212
-0.0626406024
-0.0624511518
-0.0638726786
-0.0628464348
-0.063425235
-0.063454965
-0.063446735
-0.0633920542
-0.0626366084
-0.063590122
-0.0641729162
-0.0622425278
-0.0628008364
-0.0631894304
-0.0636966246
-0.0648175452
-0.0619272074
-0.0631087122
-0.0623808932
-0.0615595514
-0.0631016362
-0.0629206576
-0.0625030222
-0.063261647
-0.063709701
-0.0625714196
-0.0631554644
-0.06363256
-0.0627237438
-0.0641002342
-0.0620413294
-0.063171623
-0.0632830018
-0.0620888858
-0.0638444412
-0.0633634968
-0.0619912236
-0.0626834572
-0.062096524
-0.0633616356
-0.0644149442
-0.063350275
-0.0625321902
-0.0633021754
-0.0643366976
-0.0642958006
-0.0638077802
-0.0628940394
-0.0635137662
-0.0640929832
-0.0617864184
-0.064118671
-0.0637106614
-0.064160305
-0.0638973388
-0.0628480242
-0.0628549552
-0.0642346542
-0.0629783346
-0.0620608716
-0.0620531068
-0.0637891686
-0.0628264274
-0.0621804508
-0.0622837448
-0.062826941
-0.0631173108
-0.0638732406
-0.0634046654
-0.063870352
-0.0629878824
-0.0625162438
-0.0635557874
-0.0635028412
-0.0639311596
-0.0634953966
-0.0635157242
-0.0635404328
-0.065110193
-0.0651291434
-0.0641803608
-0.0639913756
-0.063666284
-0.0633469212
-0.0639390212
-0.063384658
-0.0640367318
-0.062571788
-0.0630642678
-0.0619459156
-0.0637610578
-0.06154378
-0.0633811778
-0.0646232482
-0.0642375428
-0.0647711616
-0.0634647844
-0.0629186028
-0.06419809
-0.0642213546
-0.062974069
-0.06406083
-0.064939771
-0.0637973986
-0.0646316234
-0.0638583514
-0.062944339
-0.0634590558
-0.0620561406
-0.0642362922
-0.06267484
-0.0650036122
-0.0621358798
-0.0626555884
-0.0634015052
-0.0629049642
-0.0626834572
-0.0625215368
-0.0631518872
-0.0634459012
-0.062142539
-0.0633325458
-0.064385873
-0.0632844946
-0.0640046752
-0.0623328234
-0.0649982036
-0.0630758704
-0.0625062792
-0.0620544544
-0.0635878922
-0.0630881428
-0.0633488792
-0.0647736816
-0.0638390512
-0.063066691
-0.0634295194
-0.0624054568
-0.062156226
-0.0626942558
-0.0638514688
-0.0634734798
-0.0610298
-0.062840066
-0.0632491326
-0.0631054552
-0.0635978086
-0.0629097624
-0.0628971028
-0.0630409254
-0.0628990124
-0.0628642126
-0.0628892412
-0.064833607
-0.0624943752
-0.0620667454
-0.0634604032
-0.0650200722
-0.062825962
-0.06100039
-0.0624492906
-0.0634001094
-0.0648286154
-0.0643120374
-0.0630564548
-0.0642026462
-0.062593143
-0.0620649812
-0.0629984872
-0.0631532348
-0.062890734
-0.0642041872
-0.063765759
-0.0632970572
-0.0624920004
-0.06340388
-0.0644753834
-0.0630084816
-0.0640187308
-0.0636769856
-0.0645369466
-0.0635421972
-0.0636894516
-0.0634303046
-0.0630887532
-0.0641101506
-0.0635850038
-0.0626465542
-0.0611575608
-0.06276878
-0.0621443034
-0.06281717
-0.0619707992
-0.0617553894
-0.0624104782
-0.0619187838
-0.0612901196
-0.0625756072
-0.0624940364
-0.0618496494
-0.0624465958
-0.062961681
-0.0637114654
-0.0634184304
-0.0632142844
-0.0630746494
-0.0627609668
-0.0635268426
-0.0641558456
-0.06312649
-0.062994106
-0.0629335888
-0.0618750466
-0.0614823134
-0.0624644032
-0.062996723
-0.0629348396
-0.0615986356
-0.061977652
-0.0616167818
-0.0630844688
-0.06315086
-0.0625729122
-0.061771064
-0.0620793566
-0.0623064472
-0.0637254724
-0.0637564532
-0.061347767
-0.0641437482
-0.061245035
-0.0627358412
-0.062476646
-0.0637593902
-0.0650685106
-0.0627838144
-0.063276953
-0.0644498892
-0.062081121
-0.0617334724
-0.0628194964
-0.0623984774
-0.06337447
-0.0632358142
-0.0639228812
-0.063993043
-0.0637604472
-0.0618148978
-0.0641921866
-0.0621069836
-0.0622095406
-0.061527078
-0.061898728
-0.0626652626
-0.0615596966
-0.0612019084
-0.0618156832
-0.062350039
-0.0633215724
-0.062399088
-0.0606607966
-0.0613775938
-0.0618348568
-0.0600538074
-0.0605954328
-0.0611985546
-0.0613111356
-0.06207167
-0.062644373
-0.0632358626
-0.0628400176
-0.0625891006
-0.0639276794
-0.0639301808
-0.062783029
-0.0638434622
-0.0627507306
-0.062462959
-0.0634411032
-0.0623194268
-0.0621795202
-0.0620746554
-0.0623724696
-0.0622688072
-0.0634359366
-0.0619639166
-0.061789307
-0.0629362354
-0.0635301966
-0.0616155312
-0.0630348282
-0.0636802428
-0.0624726332
-0.0622294028
-0.0621939926
-0.061536849
-0.0622879324
-0.062384422
-0.0627234236
-0.0621990622
-0.0620900396
-0.0624293316
-0.0623067672
-0.0619742014
-0.0617558546
-0.062338552
-0.0614058312
-0.062525356
-0.0601847768
-0.0633646506
-0.0637474378
-0.0618070364
-0.0621294626
-0.062885519
-0.0627712032
-0.0630277036
-0.0623586078
-0.061909061
-0.0617550208
-0.0623734002
-0.0623678168
-0.061828246
-0.0617069994
-0.0632202846
-0.0633624694
-0.0628367604
-0.064202326
-0.0619422418
-0.0625672804
-0.0620108624
-0.0625883448
-0.0639950978
-0.0642837032
-0.061128858
-0.0611513856
-0.0615396408
-0.0623576288
-0.0629539648
-0.0625384324
-0.0637114654
-0.062781808
-0.0611930678
-0.0608716988
-0.0629002146
-0.0624983208
-0.0621804992
-0.0638513236
-0.0622400076
-0.0630558146
-0.0628329898
-0.064527961
-0.0617197074
-0.0636052532
-0.064502612
-0.0640295588
-0.0642864948
-0.0627699042
-0.0618430868
-0.0624109434
-0.0628860326
-0.0629733618
-0.0634715702
-0.062371956
-0.0631979992
-0.061434117
-0.0620707394
-0.061548578
-0.0627437996
-0.062836392
-0.0614853472
-0.0639815076
-0.0619222828
-0.0627153202
-0.0627619458
-0.062952889
-0.0630035086
-0.0622367022
-0.0626177548
-0.061951916
-0.0634108594
-0.065003884
-0.0628472388
-0.0633811294
-0.0631658944
-0.0637148676
-0.0634303046
-0.0626220392
-0.0641091232
-0.0623848388
-0.0629375344
-0.0624636662
-0.0611122528
-0.06330678
-0.062974806
-0.0635814266
-0.0608686354
-0.0627437996
-0.0629217146
-0.0631467208
-0.0636274418
-0.0616572618
-0.0621418802
-0.0609442838
-0.0639262352
-0.0631620268
-0.0631361158
-0.0621422486
-0.062558343
-0.0622770856
-0.0626909988
-0.0635842184
-0.0608950116
-0.0644374716
-0.06449162
-0.06301073
-0.0631115524
-0.0617310008
-0.0630760452
-0.0607081592
-0.0633331562
-0.0630871638
-0.0615509528
-0.061741334
-0.0623798174
-0.06357626
-0.0625692868
-0.062357774
-0.0623056618
-0.0611339762
-0.0615481126
-0.0599315334
-0.0618844492
-0.0626648458
-0.0630802328
-0.0622929054
-0.0612001738
-0.0625918438
-0.0612372218
-0.0619964384
-0.0626721452
-0.0637528762
-0.0629929522
-0.0625992884
-0.0625258212
-0.06268275
-0.0632690432
-0.0619689864
-0.0618632878
-0.0618455102
-0.0630747462
-0.063644609
-0.0632088758
-0.0615894266
-0.0613520998
-0.0618604478
-0.0605730022
-0.0624826946
-0.0620935386
-0.0629279086
-0.061824669
-0.0616910344
-0.0624764524
-0.0619118044
-0.0613817814
-0.0612134922
-0.0626229214
-0.0603693026
-0.0621284352
-0.0598378354
-0.0625276824
-0.0623600036
-0.0615771838
-0.0613025372
-0.0608197316
-0.0624276938
-0.0613008696
-0.062429138
-0.0622100544
-0.0619750836
-0.0631595256
-0.063295051
-0.0620720088
-0.062164214
-0.06233228
-0.06069327
-0.0617292848
-0.0621704564
-0.0623772194
-0.0624071728
-0.0607706828
-0.0608663088
-0.0622051594
-0.0616581924
-0.060716806
-0.0626595824
-0.0631666798
-0.0609962508
-0.0625469044
-0.061663039
-0.0608326146
-0.0613907484
-0.0630943852
-0.0629461032
-0.061586955
-0.0602702446
-0.0615448556
-0.061656283
-0.0611756102
-0.0604923138
-0.061054974
-0.0605307578
-0.0610126328
-0.0618734274
-0.0598497394
-0.0604854796
-0.0605073482
-0.060005931
-0.0607457992
-0.0598148428
-0.0606625126
-0.0615916562
-0.0606464694
-0.0610398912
-0.0618124262
-0.0615976566
-0.0600617656
-0.0600492998
-0.0613589338
-0.060756404
-0.0620701774
-0.0623298084
-0.0616929924
-0.0621108994
-0.0615449822
-0.0610237996
-0.061892039
-0.0607649728
-0.0619612218
-0.0590263614
-0.0609992362
-0.0614722706
-0.061381908
-0.0616242748
-0.0604251372
-0.0617971686
-0.062180179
-0.061097829
-0.0619749868
-0.0623393858
-0.061183937
-0.0620404956
-0.0609682852
-0.0621266708
-0.0624466254
-0.0624863686
-0.0625248424
-0.0627158822
-0.0635131744
-0.0618129884
-0.0622353064
-0.063696993
-0.0635541496
-0.0641254566
-0.0615047924
-0.0636814152
-0.0633377606
-0.0647886006
-0.0630097026
-0.063921117
-0.0611961314
-0.0618622122
-0.0607196946
-0.0616312058
-0.0614332832
-0.0624890634
-0.0627906002
-0.0617558062
-0.063611942
-0.0630070858
-0.0628619344
-0.0628566226
-0.0626222328
-0.0613760528
-0.0634851604
-0.0638228926
-0.063945632
-0.0624538468
-0.0609406098
-0.0635784414
-0.0611624072
-0.0628121486
-0.062967875
-0.063219771
-0.0617650636
-0.0630398012
-0.062371394
-0.060477298
-0.0625270422
-0.0625270422