-0.0721116216
-0.0736762366
-0.0741338028
-0.0727302882
-0.0724547356
-0.0737890026
-0.072651385
-0.0750313018
-0.0721498416
-0.0739296678
-0.0730950372
-0.0739100184
-0.0745269546
-0.0744961056
-0.0730375764
-0.0722176198
-0.07346994
-0.0719663614
-0.0745053662
-0.0750164656
-0.0727034784
-0.0730523014
-0.072882458
-0.0737349642
-0.0740024102
-0.0734414092
-0.07380162
-0.0715431374
-0.0723312776
-0.0744342812
-0.0746435794
-0.0738333546
-0.0743404856
-0.073566459
-0.0738722964
-0.074320405
-0.0728746702
-0.0731850726
-0.072879959
-0.0738723724
-0.0727654626
-0.0717396004
-0.0722942404
-0.0729430474
-0.0727997792
-0.0740810426
-0.0735379204
-0.072996718
-0.0733747324
-0.0727191994
-0.0728397244
-0.073029711
-0.0721692582
-0.0721949828
-0.072338659
-0.07238029
-0.0728675124
-0.0728393904
-0.0737768796
-0.074505707
-0.073396759
-0.073069982
-0.0732765724
-0.0729546748
-0.072828802
-0.0725036024
-0.0732258302
-0.072825446
-0.0713780804
-0.0734362972
-0.0726405224
-0.0733710838
-0.0737509426
-0.0722395172
-0.073390657
-0.0740124098
-0.0734464212
-0.0706107756
-0.0732745434
-0.071860937
-0.0730886318
-0.0725447282
-0.0726203884
-0.0739793678
-0.0723853426
-0.0724732266
-0.0740291992
-0.072799021
-0.0743598844
-0.0738703232
-0.0726959626
-0.07268318
-0.0743192418
-0.0741271286
-0.0740282698
-0.0733729284
-0.0736142842
-0.0742852276
-0.073031246
-0.0734369668
-0.073334411
-0.0729297504
-0.0726520632
-0.073169037
-0.073652895
-0.0721789122
-0.0739453152
-0.0734379608
-0.0726720882
-0.0731081778
-0.0734677026
-0.0742323712
-0.0725988388
-0.0730800214
-0.0730620812
-0.073161002
-0.0724315994
-0.0729068586
-0.0727963202
-0.0728423016
-0.0723125934
-0.072367549
-0.0726215542
-0.072837468
-0.0722472006
-0.073864593
-0.0722131114
-0.0726661894
-0.0734452812
-0.0739274396
-0.0714148888
-0.0724793464
-0.0743106112
-0.0729011924
-0.0727249408
-0.072859634
-0.0719473558
-0.0717966864
-0.0729711112
-0.0743219206
-0.073086238
-0.0744384286
-0.0734817182
-0.071941663
-0.0714617448
-0.0720056866
-0.0731037232
-0.0725084062
-0.0737814988
-0.0731973972
-0.07285141
-0.0728964762
-0.0742132604
-0.0737227862
-0.0744444574
-0.0735101594
-0.0744796728
-0.0722618554
-0.0732720558
-0.073157332
-0.071987872
-0.073736993
-0.0734708742
-0.072986231
-0.0725900952
-0.0733711366
-0.071999884
-0.0745077072
-0.0751078698
-0.072052507
-0.072106157
-0.0737230186
-0.0727787646
-0.0733472278
-0.0722512664
-0.072994903
-0.0700694482
-0.0724846504
-0.0726201078
-0.0742994448
-0.0727534266
-0.0738367718
-0.0741470216
-0.0727739172
-0.0728050724
-0.0738151748
-0.0728280706
-0.0724442004
-0.0721428172
-0.0720428882
-0.0722975952
-0.0724294036
-0.0720358056
-0.0727953628
-0.0722431004
-0.0739358342
-0.0739863792
-0.0721052706
-0.0724157794
-0.0711485688
-0.0728642038
-0.072568101
-0.073402331
-0.071141154
-0.0739798652
-0.0731242116
-0.0718764616
-0.072851464
-0.0732228246
-0.0735178594
-0.0724349666
-0.072538284
-0.0722766284
-0.071558321
-0.0731645034
-0.0741094612
-0.0737159024
-0.0723692058
-0.0730446866
-0.0717313416
-0.0729729666
-0.072215895
-0.0716825438
-0.0711048858
-0.0724236582
-0.0741793168
-0.0719052586
-0.0740216528
-0.0728825552
-0.0741531378
-0.0729915416
-0.0737772704
-0.0747021258
-0.0740904276
-0.0729485518
-0.0737729014
-0.0719067912
-0.073451941
-0.0718169662
-0.0731317602
-0.0740610862
-0.0725341412
-0.0727958816
-0.072891542
-0.0735556746
-0.0743143102
-0.0735800208
-0.0729855032
-0.0745353626
-0.072702555
-0.0729310484
-0.0742137628
-0.0738693052
-0.0744747548
-0.0724313448
-0.0730573406
-0.0739386292
-0.073101796
-0.074395633
-0.0733410878
-0.0723781766
-0.0723426258
-0.0734923162
-0.0729666812
-0.0725921942
-0.072314435
-0.0731964904
-0.0726072274
-0.073155335
-0.0714256086
-0.0723743712
-0.071927122
-0.0731123106
-0.0721392588
-0.0720126028
-0.072378402
-0.0721823016
-0.0734007288
-0.0730136328
-0.072348027
-0.0727343234
-0.0721323068
-0.0715584086
-0.0720813906
-0.0730539814
-0.0717552764
-0.0724071958
-0.0721097396
-0.0730826816
-0.0748050168
-0.0734117672
-0.0750020456
-0.0744593534
-0.072467165
-0.0733832636
-0.0737549562
-0.0736869568
-0.0722035264
-0.0743402108
-0.0734829668
-0.0725787844
-0.0733600324
-0.0725295358
-0.0729459312
-0.0746816002
-0.0729486326
-0.0729580308
-0.0718978872
-0.0731094558
-0.0730820876
-0.0735829048
-0.073613234
-0.0734469222
-0.073752406
-0.073964086
-0.0736890274
-0.0732291138
-0.0730245686
-0.0721343682
-0.0741838368
-0.0743493812
-0.073263078
-0.0742406934
-0.0726971746
-0.0736245302
-0.073503965
-0.0740866204
-0.0737811316
-0.0730269972
-0.0725923794
-0.0729744242
-0.0721605398
-0.0730162024
-0.0720521142
-0.074722385
-0.073880778
-0.0731165076
-0.0717459272
-0.0736492456
-0.0734961848
-0.073258562
-0.0741183438
-0.0754853968
-0.073084425
-0.07428961
-0.0740699098
-0.0742384528
-0.0746754
-0.07501628
-0.0742079076
-0.0731627716
-0.0725205808
-0.0753430282
-0.0742706548
-0.0729113228
-0.0755794012
-0.0733964036
-0.073105459
-0.0730903934
-0.0738761714
-0.072671209
-0.074126441
-0.0737746542
-0.0727437444
-0.0741313334
-0.0727171786
-0.071918613
-0.0731115714
-0.0738146612
-0.0740760118
-0.0742941998
-0.0726699558
-0.0723838772
-0.071763049
-0.071943092
-0.0745460682
-0.072345475
-0.0734622566
-0.073381266
-0.071939788
-0.0719434136
-0.0726234988
-0.073170787
-0.0726311272
-0.0714699728
-0.072234722
-0.0742555182
-0.0728068452
-0.0727490874
-0.0721746582
-0.074115869
-0.0733117318
-0.0719450416
-0.073520825
-0.0750715954
-0.07340147
-0.0730393522
-0.0741338988
-0.073436099
-0.0738305694
-0.0736653456
-0.0725103062
-0.0739145494
-0.073636726
-0.0739655084
-0.0719421044
-0.0726524504
-0.0745518996
-0.0730942144
-0.0732929988
-0.0741688326
-0.073950799
-0.0741982672
-0.0733345624
-0.073209151
-0.0727415824
-0.073326189
-0.0715918382
-0.0734235322
-0.072446063
-0.0732126378
-0.0725093236
-0.0733112974
-0.0730400308
-0.074149619
-0.0738143798
-0.0726943248
-0.0724611558
-0.0734081502
-0.0733773484
-0.07125526
-0.0723731974
-0.0722726704
-0.073430428
-0.0732312398
-0.071686136
-0.0712682802
-0.0726475926
-0.0728112664
-0.0734365452
-0.0717387476
-0.0731757492
-0.0730337546
-0.0725179012
-0.07296373
-0.0741403518
-0.0730979436
-0.0721228572
-0.0724374502
-0.0729029656
-0.0731322552
-0.0733108032
-0.0721365428
-0.0734953146
-0.0726078376
-0.0723326968
-0.0726663144
-0.07259162
-0.072695854
-0.0709840082
-0.0725270194
-0.071126389
-0.071570217
-0.0730598588
-0.0729694786
-0.0722783294
-0.0737796488
-0.0730469622
-0.0719074506
-0.0726775766
-0.0727483048
-0.0727445234
-0.073475432
-0.0729774948
-0.072408549
-0.0727554716
-0.0727020616
-0.07048389
-0.0726054014
-0.0721418212
-0.0729494362
-0.072941729
-0.0725356676
-0.0730157872
-0.0732136206
-0.073055488
-0.0743761334
-0.0727567332
-0.0745222126
-0.073274053
-0.0722886908
-0.0712257944
-0.0730908552
-0.0714921114
-0.0730806864
-0.073628307
-0.0745489846
-0.0731078218
-0.0736187446
-0.0739894442
-0.0721475742
-0.0727818166
-0.0732610064
-0.0734360436
-0.0735692628
-0.074046025
-0.072280446
-0.0718098368
-0.0739950294
-0.0733610568
-0.0723708624
-0.0731171722
-0.0714381146
-0.07199002
-0.0726531634
-0.0720992534
-0.0730488784
-0.0728695196
-0.072205907
-0.0736819918
-0.0744345408
-0.0740964164
-0.0734552388
-0.0736983018
-0.0729430468
-0.073479716
-0.072735159
-0.0732871088
-0.0729373364
-0.0735620402
-0.0739199934
-0.0738638052
-0.0720556862
-0.0721262282
-0.0719940318
-0.0730559168
-0.0739137526
-0.0740685288
-0.0743171316
-0.0727635044
-0.0741478066
-0.0736081718
-0.0728924898
-0.0739284352
-0.0737203794
-0.0737896524
-0.0743430698
-0.0714333874
-0.0741128752
-0.073658037
-0.0731322408
-0.0720834336
-0.0732751378
-0.0724326726
-0.0738547966
-0.0736642794
-0.0730537832
-0.0732387846
-0.0738376356
-0.0725255508
-0.0728754916
-0.0736964804
-0.0750624064
-0.0739451948
-0.0732982026
-0.0747428846
-0.0730918622
-0.0725707162
-0.073633924
-0.071665006
-0.0732052118
-0.0730751854
-0.0728712806
-0.072274245
-0.074848387
-0.0711801398
-0.0721510838
-0.0729640294
-0.0727793548
-0.07501927
-0.0731385774
-0.0700282654
-0.0724271358
-0.0728245834
-0.0712054754
-0.072289202
-0.0725715848
-0.0724739926
-0.0730950432
-0.07330286
-0.0717080928
-0.0710175078
-0.071955727
-0.0715218992
-0.0726772994
-0.070631081
-0.0721200204
-0.0736448402
-0.0727930348
-0.0730942682
-0.0718386454
-0.0723339786
-0.0716874996
-0.0713657816
-0.071405242
-0.0731130064
-0.072571959
-0.0727044804
-0.0717290272
-0.0716587758
-0.072639216
-0.0722978718
-0.0731805804
-0.0731802908
-0.0730427502
-0.0726384422
-0.0725519722
-0.07162635
-0.071619434
-0.071053136
-0.0728037182
-0.0730681198
-0.0723852886
-0.0722034982
-0.0712149732
-0.0714416936
-0.0715874258
-0.072115973
-0.0721676804
-0.0722604934
-0.072591682
-0.0727357714
-0.071926947
-0.071221675
-0.0718902994
-0.074809612
-0.0729358688
-0.0711598716
-0.0719755762
-0.0727431926
-0.073358985
-0.0734603392
-0.0739406276
-0.0722696502
-0.0733371618
-0.0722673012
-0.0726910978
-0.0722368894
-0.0721511488
-0.0716868642
-0.0718648626
-0.0731504172
-0.0730117598
-0.0737906862
-0.0728201266
-0.0743645122
-0.0731747654
-0.0739295568
-0.0719316648
-0.0732941966
-0.0729326636
-0.0721866622
-0.0706770494
-0.0735019234
-0.0719496086
-0.0710737384
-0.0727855686
-0.073112693
-0.0710217242
-0.0713034974
-0.0731578304
-0.0710948922
-0.070967313
-0.0711605976
-0.0718829344
-0.0728204626
-0.0724861022
-0.07136833
-0.07244953
-0.0712483482
-0.0717781052
-0.0717455884
-0.0736177688
-0.0740413944
-0.0748158506
-0.0742452496
-0.0733217184
-0.0729516202
-0.073030379
-0.0721231348
-0.0737199226
-0.0731629804
-0.072299794
-0.0714231082
-0.0727690864
-0.0733396364
-0.0703985082
-0.0711558456
-0.0717794632
-0.0729637894
-0.072348132
-0.0725290672
-0.0701137974
-0.0723456742
-0.0723465464
-0.0723392242
-0.0714197916
-0.0712820098
-0.0724732932
-0.0728658126
-0.0738518092
-0.0732778972
-0.0730262846
-0.0728588902
-0.0739841652
-0.0729134208
-0.0733869632
-0.0731104692
-0.0732976158
-0.0718371324
-0.0723155436
-0.0722015808
-0.073654263
-0.073556061
-0.073429296
-0.0723024716
-0.0733796852
-0.0725261578
-0.0731399186
-0.0717406872
-0.0727582184
-0.0712335818
-0.0716965228
-0.0713739228
-0.0715248898
-0.0709998844
-0.0720656222
-0.0708656844
-0.0718894998
-0.0730845014
-0.0717149766
-0.0723023906
-0.0726204512
-0.071735193
-0.0708561166
-0.072593288
-0.0712305984
-0.0700470526
-0.0711508512
-0.0723739994
-0.0718802498
-0.0714293
-0.071772778
-0.0726823136
-0.0720022586
-0.0730387762
-0.0715891276
-0.0738141048
-0.0705439648
-0.0704593654
-0.0728673538
-0.0715035618
-0.0721292952
-0.071585854
-0.0722091566
-0.0717664718
-0.0723332166
-0.0714541016
-0.0730100364
-0.071747998
-0.0720027674
-0.0727777436
-0.0713741814
-0.0725913826
-0.0713893562
-0.0731648434
-0.0725052878
-0.071999911
-0.0727450114
-0.0729150384
-0.0720143848
-0.0725827406
-0.0733239186
-0.0715531652
-0.071624484
-0.0723598654
-0.0721257488
-0.0724821342
-0.0735732622
-0.0719947934
-0.0729014424
-0.0744082538
-0.0737086356
-0.0730820236
-0.0728338306
-0.072362233
-0.0725725408
-0.0715797482
-0.071347549
-0.0717486758
-0.0718801618
-0.0710361486
-0.072906242
-0.0735033422
-0.0719521628
-0.0715374238
-0.0718683058
-0.0720034814
-0.0724835528
-0.0715596002
-0.0718820518
-0.0715143606
-0.0727895658
-0.0722234494
-0.0722582712
-0.0707491292
-0.0727157304
-0.0725273388
-0.0731326954
-0.072158842
-0.0720793506
-0.0723980358
-0.0723807796
-0.0739838002
-0.072548961
-0.0712343372
-0.071671989
-0.0730349388
-0.0724634068
-0.0730180864
-0.0720368342
-0.0724061206
-0.0728539788
-0.0731195894
-0.0714441644
-0.0720498358
-0.0733397756
-0.072729378
-0.0727471812
-0.0726764704
-0.0729248768
-0.0713365106
-0.072931629
-0.0712789424
-0.072845194
-0.0728104536
-0.0722409704
-0.0733646062
-0.0719893004
-0.0722323314
-0.0729379182
-0.0709377162
-0.0719314876
-0.0718179166
-0.0715608482
-0.072076564
-0.0723465422
-0.0714146798
-0.0718697088
-0.0734046828
-0.0707368398
-0.071491301
-0.071386206
-0.0727591752
-0.0734048498
-0.0717544482
-0.0723061934
-0.0720133054
-0.0719926608
-0.0720827382
-0.074261453
-0.0727968116
-0.0724657332
-0.0719686996
-0.0720303646
-0.0713233686
-0.0717152292
-0.071236295
-0.071381385
-0.0725506982
-0.073529532
-0.0742386662
-0.074566247
-0.07314586
-0.0730515164
-0.0732110028
-0.0734308156
-0.0729296284
-0.0741270936
-0.072278862
-0.0723122788
-0.0715132728
-0.0718832642
-0.07291538
-0.0713459718
-0.0719785148
-0.0729138212
-0.0727651522
-0.0720429694
-0.0726578724
-0.0721236474
-0.071839443
-0.0719337288
-0.0731834966
-0.0728332984
-0.0734678158
-0.0716096624
-0.0728451718
-0.071510517
-0.0730974398
-0.0733055766
-0.0725782944
-0.0735658274
-0.0721084752
-0.072692843
-0.0720770538
-0.0714811542
-0.073020911
-0.072515101
-0.0715195394
-0.0729381804
-0.0722474676
-0.0725822692
-0.072452944
-0.0732858988
-0.0731787474
-0.0725388968
-0.0743217062
-0.0719762612
-0.07356627
-0.0724562998
-0.073693528
-0.072015937
-0.0726099808
-0.0725610214
-0.0727851176
-0.0726874106
-0.072703186
-0.0719494104
-0.0722546298
-0.072036289
-0.0734407544
-0.071723106
-0.0724891112
-0.0727018188
-0.0715976428
-0.0730967968
-0.0729625674
-0.0720345172
-0.072247275
-0.0721596736
-0.0737103464
-0.0724006798
-0.0736293458
-0.0723358354
-0.0730704626
-0.073300096
-0.0713324488
-0.072978783
-0.0728505686
-0.0723432762
-0.071647302
-0.0728264552
-0.0720318246
-0.0722884154
-0.0717138628
-0.0721965132
-0.0725264704
-0.0715796086
-0.0716806878
-0.073579236
-0.0715451778
-0.073535026
-0.0749009956
-0.0724275176
-0.0732221868
-0.0730530312
-0.0733533304
-0.0732493652
-0.0730815788
-0.0745669036
-0.0727510186
-0.0716259394
-0.0728051434
-0.073046152
-0.0728103306
-0.0720640224
-0.0736346102
-0.0734007722
-0.072782543
-0.07285205
-0.0736552858
-0.0732936836
-0.0731795808
-0.0727245194
-0.0717655294
-0.0731492702
-0.073381711
-0.0734445768
-0.0729312932
-0.0719468066
-0.0738269712
-0.0728720422
-0.0731506636
-0.0731685706
-0.0719296586
-0.0731106274
-0.0717423094
-0.0723858046
-0.0720833128
-0.0711894698
-0.0731684614
-0.0725162498
-0.0723365674
-0.0726751132
-0.073621337
-0.0737779904
-0.0718806158
-0.0728039674
-0.0729755312
-0.0722411802
-0.0714249186
-0.0715000152
-0.0729012404
-0.0733333812
-0.0732706818
-0.0720261276
-0.0729409962
-0.07160067
-0.0728742498
-0.0720893096
-0.0713093984
-0.0720498158
-0.0703680238
-0.0721607616
-0.0715929248
-0.0720994318
-0.0724932756
-0.072458092
-0.0716540926
-0.072977162
-0.0718427714
-0.0719591616
-0.0723123844
-0.072961903
-0.0705501176
-0.0723915484
-0.0726132726
-0.0717012238
-0.0732686918
-0.0733352606
-0.0735168804
-0.0737848136
-0.0734836604
-0.071145931
-0.072097847
-0.0726558078
-0.0721476624
-0.0726744362
-0.07206501
-0.072292798
-0.0721985182
-0.071825855
-0.0729449886
-0.0725291328
-0.0739398524
-0.0717841928
-0.0723172472
-0.0725347196
-0.07338617
-0.0732999512
-0.0724629242
-0.072999952
-0.0732984748
-0.0731085262
-0.0727991898
-0.0723860018
-0.072611472
-0.0736791468
-0.0719399714
-0.0724464392
-0.072323008
-0.0738017726
-0.0718009888
-0.0735240404
-0.0735240404