-0.0586098984
-0.0598120994
-0.0582247066
-0.0596862482
-0.0606542826
-0.0588148486
-0.0589327416
-0.0588537878
-0.0589736386
-0.0593011048
-0.0578955244
-0.0597461736
-0.059530425
-0.0595894198
-0.0596414352
-0.059009611
-0.0570506464
-0.0587723622
-0.058777112
-0.0604107134
-0.057960006
-0.0589583808
-0.0585354522
-0.0590872174
-0.0609354432
-0.0602086516
-0.0609563812
-0.0602946332
-0.0600739116
-0.0605242922
-0.0588273146
-0.0601299212
-0.0585736544
-0.0604512902
-0.0599664784
-0.0584624504
-0.0583308222
-0.0596387404
-0.0581939008
-0.059312495
-0.0588507242
-0.0594041568
-0.0602118118
-0.0582454026
-0.0593722752
-0.057622322
-0.057359114
-0.0594430476
-0.0600727874
-0.0584110454
-0.0593914972
-0.0593385996
-0.0591847828
-0.0595362504
-0.0588985038
-0.0584523108
-0.0595170768
-0.0578903094
-0.057743617
-0.0585149796
-0.0579544224
-0.0583846988
-0.0597932162
-0.05809555
-0.0592427502
-0.0590288626
-0.0586047318
-0.0598183418
-0.0595712252
-0.0596646514
-0.0585586684
-0.058781009
-0.0590035138
-0.0589341858
-0.0591475112
-0.0592552162
-0.0591776098
-0.0592600142
-0.0592883
-0.0588211692
-0.0593821916
-0.0599600612
-0.0599776936
-0.060056279
-0.0594984168
-0.0595030698
-0.0583559478
-0.059864677
-0.0586910336
-0.0580306814
-0.058614823
-0.0601955268
-0.0601536024
-0.0596114336
-0.0591972486
-0.0596397678
-0.0593057094
-0.059106886
-0.0611173226
-0.061139783
-0.0586735946
-0.0600629196
-0.0590852594
-0.059326182
-0.0603456698
-0.0594323942
-0.0609619164
-0.0593789344
-0.0595979886
-0.0602712236
-0.0594071234
-0.0604125746
-0.0594176502
-0.0597591048
-0.059646747
-0.0586154336
-0.0589133446
-0.057816939
-0.0580512024
-0.0599054288
-0.0589337206
-0.0588933856
-0.0600133756
-0.057413039
-0.0590017494
-0.059795029
-0.0595022844
-0.0587365834
-0.058422804
-0.0602387502
-0.0587027142
-0.0603487816
-0.0597274168
-0.059360323
-0.0599465194
-0.0602531258
-0.0584837568
-0.0608302584
-0.058778973
-0.0604381654
-0.0607565492
-0.0593510656
-0.0596277186
-0.0589838748
-0.0592208332
-0.0585917522
-0.0581718386
-0.060211715
-0.0592275892
-0.0580470632
-0.0597947868
-0.058058647
-0.0602237642
-0.0598837538
-0.0584423462
-0.0597766406
-0.0582532642
-0.0590034654
-0.0587255616
-0.059650004
-0.0602193532
-0.0590440906
-0.0613393918
-0.0596227754
-0.059695312
-0.059153802
-0.0595545716
-0.0609313524
-0.0586963938
-0.0602541048
-0.0595778844
-0.0602191596
-0.0592015814
-0.0593358078
-0.0607123952
-0.0612575494
-0.060038773
-0.0592121864
-0.060117135
-0.0604428182
-0.058594127
-0.0588835662
-0.0579420532
-0.059593801
-0.0601886926
-0.0576566082
-0.0598191272
-0.0626570326
-0.0593058842
-0.0600432026
-0.0596921518
-0.0590228624
-0.0603650666
-0.0596299482
-0.0608693722
-0.0595125988
-0.0602150688
-0.059755189
-0.0594116982
-0.0609528822
-0.0587060196
-0.0608233088
-0.0609577288
-0.0604036856
-0.0595378696
-0.0599648592
-0.060198929
-0.058809682
-0.0583425996
-0.0601826924
-0.0600451122
-0.0594946462
-0.0582403328
-0.058439748
-0.0585211736
-0.0597470074
-0.0583575856
-0.0592832302
-0.060494562
-0.0601310452
-0.058909894
-0.059714214
-0.0577395262
-0.058607892
-0.0593057094
-0.0584550058
-0.0586944842
-0.0585210284
-0.059240889
-0.0606092948
-0.0607305898
-0.0593361764
-0.0591094544
-0.058334176
-0.059623531
-0.0598150364
-0.059411311
-0.0599989518
-0.0598972472
-0.0598651906
-0.0583868988
-0.057723658
-0.057723658