-0.0614843198
-0.0626211086
-0.0637198406
-0.0618504832
-0.0627739466
-0.061903206
-0.0624444926
-0.0612305142
-0.0607314236
-0.0616711238
-0.0622675564
-0.0609010604
-0.0601756646
-0.0614373256
-0.062934151
-0.0614666388
-0.0632731824
-0.0624379786
-0.0606329276
-0.0621877986
-0.061833878
-0.0605432238
-0.0607359796
-0.0605650924
-0.0621250814
-0.061912318
-0.0627837176
-0.062117462
-0.0614741802
-0.0629278602
-0.0634260202
-0.0627322158
-0.0623768024
-0.0623715392
-0.0621093584
-0.0609406098
-0.061205854
-0.0606927562
-0.0627252848
-0.0624755218
-0.0620315772
-0.0609750896
-0.0624761322
-0.062458965
-0.0631588666
-0.0614068586
-0.0616677216
-0.0630787402
-0.060895622
-0.0612747166
-0.0635426626
-0.0621538028
-0.0608657468
-0.0624993482
-0.0618826364
-0.062546294
-0.0612083256
-0.062073211
-0.0613965254
-0.0616414904
-0.062784328
-0.0616414904
-0.0624811536
-0.0614757212
-0.0621321576
-0.0619405554
-0.0630501344
-0.0628048008
-0.0619351656
-0.0612217706
-0.0626043098
-0.0628510876
-0.0630989412
-0.0621014484
-0.062567232
-0.0642418756
-0.0632215354
-0.0630409254
-0.0630603706
-0.0624556112
-0.0632959332
-0.0617500776
-0.0610523274
-0.0612959264
-0.0601245312
-0.0617814456
-0.0607219726
-0.062178638
-0.0629287424
-0.061908499
-0.0625977958
-0.0598298288
-0.0602214378
-0.0628475106
-0.0632898844
-0.0640488292
-0.061971313
-0.062823122
-0.0629511246
-0.062077864
-0.0629538196
-0.063530003
-0.062883241
-0.06199859
-0.0633703308
-0.0626416782
-0.0625341964
-0.0625759272
-0.0627382646
-0.0629370208
-0.0627492378
-0.0633026408
-0.061757619
-0.0614581668
-0.0599223244
-0.0625522944
-0.0604609162
-0.0622764266
-0.0606836442
-0.060489764
-0.0618669618
-0.0615860244
-0.0633083992
-0.0625789126
-0.0615512246
-0.0628345792
-0.0619926678
-0.0614863262
-0.0617001652
-0.0627460776
-0.062699694
-0.0633354826
-0.0630033338
-0.061417415
-0.0613859206
-0.0610215216
-0.0630720512
-0.0630470224
-0.0619779238
-0.060895797
-0.06159753
-0.0617646952
-0.0605183214
-0.0620709814
-0.061656603
-0.0611698034
-0.06232185
-0.0607037
-0.0607146248
-0.0609438668
-0.0620503636
-0.0609144084
-0.0610458134
-0.0618086556
-0.061135469
-0.0613541842
-0.0603767956
-0.0605226058
-0.0611961314
-0.0621321092
-0.0621307616
-0.0617352852
-0.0615313624
-0.0606741932
-0.0604113722
-0.0609553538
-0.0612186104
-0.0615573216
-0.059281466
-0.0616664224
-0.060402755
-0.0614524568
-0.0604405886
-0.0609545684
-0.0608091268
-0.0603689342
-0.0609669376
-0.0606179416
-0.0614787364
-0.0604168106
-0.0624058252
-0.0610291896
-0.0610773078
-0.0613323156
-0.0619964384
-0.0603434402
-0.0604543052
-0.0609586592
-0.0608809562
-0.0597751666
-0.0610437102
-0.0612416328
-0.0621280184
-0.061265314
-0.0613110576
-0.0621051224
-0.0625220506
-0.062249265
-0.062628088
-0.0624301654
-0.0608927336
-0.0613035646
-0.0627327294
-0.0614981816
-0.0628142034
-0.0606971374
-0.0619106022
-0.0616047326
-0.0632723002
-0.0626658248
-0.060257265
-0.061990118
-0.0612980778
-0.0621513312
-0.0625499194
-0.062393631
-0.0628916162
-0.0616099476
-0.0624239232
-0.0634796736
-0.060432165
-0.0626879166
-0.0605771414
-0.061560802
-0.0613906218
-0.0611807768
-0.0606542826
-0.0614373256
-0.062333579
-0.060835503
-0.0611654222
-0.0620725522
-0.059941818
-0.0626822364
-0.060853184
-0.0643027316
-0.061380754
-0.0627866546
-0.0608294542
-0.0622953286
-0.0627185288
-0.0626392548
-0.0626586034
-0.0611251842
-0.0610868854
-0.062686249
-0.0625718364
-0.0606920192
-0.0626284564
-0.0610951638
-0.06242402
-0.0618702672
-0.062524619
-0.0621539776
-0.061863366
-0.0619049702
-0.0615983638
-0.0621810612
-0.0608457394
-0.0618999004
-0.0622193898
-0.0619690348
-0.0615150772
-0.0631063374
-0.0636867568
-0.0614099704
-0.0621261088
-0.0645630028
-0.0628591428
-0.0592790426
-0.061833461
-0.0616125458
-0.0617911682
-0.0618366212
-0.0609366642
-0.0604800898
-0.061944423
-0.0606465178
-0.060839739
-0.0620163974
-0.0617357988
-0.0620416198
-0.0629293044
-0.0612012978
-0.0611331424
-0.0621423938
-0.062185394
-0.0616597336
-0.0624523058
-0.0629784314
-0.061404387
-0.0623237112
-0.0614176086
-0.0623449208
-0.0613556284
-0.0605688146
-0.0608584958
-0.0603917818
-0.061838114
-0.0614205268
-0.0625634612
-0.0624135602
-0.0614447702
-0.0609855976
-0.062370977
-0.0625025568
-0.0629970914
-0.0614172698
-0.0625978926
-0.0620874898
-0.0627088546
-0.0640479956
-0.0638820328
-0.0625700236
-0.0626064614
-0.0611878046
-0.0630946568
-0.063452687
-0.0634136028
-0.0646504286
-0.0640722874
-0.0623532476
-0.062224333
-0.0605698904
-0.0626229214
-0.0623749414
-0.062684533
-0.0623264062
-0.0625821212
-0.0619135688
-0.0636379014
-0.0621651446
-0.0630081616
-0.062828482
-0.0630871154
-0.0620196062
-0.0618398298
-0.062374893
-0.062115824
-0.0623691642
-0.0624114088
-0.0639428404
-0.0628971028
-0.063811134
-0.0646599576
-0.063367219
-0.062646331
-0.0620268274
-0.0614910758
-0.0614225332
-0.0623982354
-0.0611983126
-0.0619154298
-0.0631567338
-0.061322593
-0.061871838
-0.061383449
-0.0622177222
-0.0621200116
-0.0620206818
-0.0624092758
-0.0640674408
-0.0614679082
-0.0615221534
-0.0645924424
-0.0633102306
-0.0632193542
-0.063270614
-0.063596956
-0.0641228586
-0.0612741546
-0.0623862832
-0.0624225756
-0.0633258568
-0.0626805204
-0.0638764492
-0.062669964
-0.0634981884
-0.0622706684
-0.061521126
-0.0634507774
-0.0621512828
-0.0623488852
-0.0610804196
-0.0628780744
-0.0622423826
-0.062142714
-0.0632493558
-0.0621977632
-0.0627043468
-0.0628967828
-0.061906463
-0.0626626646
-0.0621756042
-0.061413179
-0.06063697
-0.0615373626
-0.0628505256
-0.0610560498
-0.0615000428
-0.0606063578
-0.0613119882
-0.06202296
-0.0615614608
-0.061884624
-0.061057669
-0.0618730106
-0.0617586464
-0.0610549256
-0.061610171
-0.0617594318
-0.0614942844
-0.0606148298
-0.0606733594
-0.061648373
-0.0609144084
-0.0611121076
-0.0613135588
-0.0610066808
-0.0631162536
-0.0619784858
-0.0618499694
-0.0608440718
-0.0633746152
-0.06001766
-0.062023939
-0.0613789896
-0.0596922002
-0.0609270196
-0.0612700638
-0.0610219386
-0.0628136412
-0.0628529972
-0.061416436
-0.0620652528
-0.0612534586
-0.0610491486
-0.0619260534
-0.0607866478
-0.0617412856
-0.0613950328
-0.0615684402
-0.0609960276
-0.0624088106
-0.062595663
-0.061791585
-0.061587197
-0.060929443
-0.0624096928
-0.0614856188
-0.0612105068
-0.0619876464
-0.0627825154
-0.0611457536
-0.0620373838
-0.0612497362
-0.0621178304
-0.061936513
-0.0628029396
-0.0626989086
-0.0598654624
-0.0602755564
-0.0615252652
-0.0602243262
-0.0603865184
-0.061139463
-0.0618993868
-0.0620220778
-0.060675269
-0.0619098464
-0.0623407332
-0.061824252
-0.0626623742
-0.0616553524
-0.0603944282
-0.0619631798
-0.061470458
-0.0617794392
-0.0628513296
-0.0610212016
-0.0625974274
-0.0616443306
-0.060724958
-0.0634549166
-0.0622722874
-0.0624976322
-0.0622998846
-0.0629599168
-0.0593457538
-0.062235083
-0.0607492498
-0.0613021686
-0.0613656712
-0.0602741122
-0.060966104
-0.0606587902
-0.0612411674
-0.0605982246
-0.059855788
-0.0597906962
-0.0619197142
-0.061954611
-0.0603215716
-0.0613318988
-0.0617110418
-0.0609996046
-0.0605471694
-0.0614214574
-0.0597453398
-0.0618570456
-0.060204881
-0.060023612
-0.0616552072
-0.0605353138
-0.0601531372
-0.0595469036
-0.0589793188
-0.0599046434
-0.0599655962
-0.0593813094
-0.0590837184
-0.0612840708
-0.0614559856
-0.0605112156
-0.0620642254
-0.0605482936
-0.0602764386
-0.0607806958
-0.0608523502
-0.059860024
-0.060644463
-0.0604916736
-0.060615295
-0.0611204344
-0.0611324836
-0.0626961168
-0.0617559514
-0.060937256
-0.0616379618
-0.0618715178
-0.0621932556
-0.0622414036
-0.061972195
-0.0626549294
-0.0619352624
-0.0629144152
-0.0603387872
-0.0618536918
-0.05950084
-0.0613697324
-0.0620704678
-0.0612358744
-0.0608216896
-0.0613816362
-0.0609415404
-0.0614921328
-0.0599403738
-0.0599005042
-0.0611252326
-0.0612067846
-0.0613881986
-0.0605470912
-0.0621117332
-0.0609763402
-0.0608648162
-0.0606521012
-0.0600980098
-0.062544336
-0.0611352754
-0.0610761836
-0.0610893086
-0.0605161402
-0.0622722578
-0.0604774432
-0.0611134552
-0.060153234
-0.0609851808
-0.0625673288
-0.0598907816
-0.0613127736
-0.0618393162
-0.0615983638
-0.0597314296
-0.0598416358
-0.0612025486
-0.0590900574
-0.0603773578
-0.060325856
-0.062465479
-0.0591187602
-0.060539453
-0.0599677774
-0.0623666146
-0.0614964172
-0.058924143
-0.0601425322
-0.0606497264
-0.0599791864
-0.06076096
-0.0606799702
-0.0605584814
-0.0606483306
-0.0596657756
-0.0604186232
-0.0600145296
-0.0601867348
-0.0602596882
-0.059635677
-0.061173991
-0.0627915308
-0.0611734774
-0.0595569464
-0.0604800414
-0.060477298
-0.0612905364
-0.0611811936
-0.0601686368
-0.0604966466
-0.0627734812
-0.0601014604
-0.0610372446
-0.061101406
-0.0609008184
-0.061006584
-0.0622977518
-0.060727895
-0.0611747764
-0.061332044
-0.0600789814
-0.0623390658
-0.0611756586
-0.060800238
-0.0619405554
-0.0624426798
-0.0642204724
-0.0617534798
-0.0610284526
-0.0602717856
-0.0629184092
-0.0608828172
-0.0618901778
-0.0612988148
-0.0611222472
-0.0608614624
-0.0606556784
-0.0605956562
-0.0615104244
-0.0607296108
-0.0611064758
-0.0618804068
-0.0602811882
-0.0627768834
-0.0619365614
-0.0616687974
-0.062356233
-0.062580502
-0.0626628394
-0.0633230166
-0.0618529064
-0.0626556852
-0.0609837848
-0.0613878302
-0.0614657082
-0.0615093486
-0.0600130072
-0.0619435892
-0.061385407
-0.0614554718
-0.0621751576
-0.0602727646
-0.060886413
-0.06231901
-0.0613771286
-0.0615033966
-0.0608729978
-0.061338558
-0.0624151794
-0.0623958794
-0.0622582508
-0.0613767898
-0.0620479404
-0.0603109184
-0.0614727844
-0.0616127878
-0.0598463856
-0.0614871116
-0.0608643994
-0.0607063464
-0.0611241568
-0.0627195562
-0.0609323314
-0.0621658036
-0.061860671
-0.0605195908
-0.0636677284
-0.062086336
-0.0612495426
-0.0612065128
-0.0617335208
-0.0597064788
-0.0608187526
-0.0616521922
-0.0599166924
-0.060394942
-0.0620399336
-0.0603205926
-0.0615573216
-0.0613552116
-0.0623492536
-0.0617243118
-0.0603263212
-0.0620203134
-0.0607526332
-0.0616077478
-0.0624402082
-0.0628925952
-0.0626984918
-0.0630090438
-0.0618245238
-0.0614606868
-0.0610576206
-0.0604066226
-0.062208785
-0.0615255852
-0.0608658436
-0.0623531212
-0.061751425
-0.0619852232
-0.0601789216
-0.0620954482
-0.0613331978
-0.0609657354
-0.0613338084
-0.0617817656
-0.061046182
-0.061865886
-0.060537592
-0.0603790254
-0.061148255
-0.0600477586
-0.0593891224
-0.060494737
-0.060613192
-0.0589184628
-0.0590428214
-0.060057995
-0.0596514484
-0.0602992862
-0.0614240258
-0.0610414322
-0.0593828504
-0.060256111
-0.059528147
-0.0610080766
-0.0606348372
-0.0601420186
-0.0593916908
-0.0583527876
-0.061611712
-0.0599347904
-0.0608314122
-0.0595016738
-0.0616233926
-0.061049439
-0.0593882402
-0.0614647292
-0.0600209172
-0.0603343576
-0.0603576704
-0.061493257
-0.0606588386
-0.059800147
-0.0611296434
-0.0614648744
-0.0619020818
-0.0617969266
-0.0605808638
-0.0606537688
-0.0618487188
-0.061098149
-0.0610493906
-0.0599311648
-0.0610277452
-0.0623408784
-0.061121782
-0.0613086828
-0.0614011784
-0.0603779198
-0.0614711948
-0.061534571
-0.0590299868
-0.0605042364
-0.0595273132
-0.0608216896
-0.0600259384
-0.0611256494
-0.059875427
-0.0599403738
-0.0604048098
-0.0616347828
-0.060671353
-0.0610325918
-0.0621183924
-0.0610033754
-0.0614703128
-0.0613486976
-0.059511765
-0.0617799044
-0.0617586948
-0.0605821144
-0.0604504564
-0.0628476854
-0.0629293528
-0.0617678554
-0.0603539482
-0.0607693352
-0.0604363526
-0.06167061
-0.061012119
-0.0617245836
-0.0604950758
-0.0605855166
-0.0606891792
-0.0602193048
-0.0606446082
-0.0615364804
-0.0627340286
-0.0614136928
-0.0611934848
-0.0609116168
-0.0607133258
-0.060421415
-0.0612629876
-0.059364559
-0.0613083626
-0.0612266952
-0.0612882584
-0.060010584
-0.059657672
-0.0603429264
-0.0600160706
-0.0592613134
-0.0594291856
-0.0604762706
-0.0594163512
-0.0605682526
-0.059496604
-0.0605713644
-0.0622552654
-0.059167984
-0.0604499428
-0.0604855764
-0.0600598562
-0.061514612
-0.059094003
-0.0608369474
-0.0612635982
-0.0605549044
-0.0606739214
-0.0594537008
-0.0591778034
-0.0605126116
-0.0594495132
-0.0594001144
-0.0591485386
-0.060349392
-0.0614645544
-0.0593139878
-0.0604497492
-0.0596424142
-0.0605906832
-0.060017098
-0.0607982316
-0.061159422
-0.062792238
-0.0611770544
-0.0613170096
-0.0590908912
-0.060045529
-0.0607659034
-0.0612571326
-0.0617179242
-0.0608104742
-0.06057212
-0.0609792288
-0.0604140672
-0.060038036
-0.05853173
-0.0614263524
-0.0601623164
-0.0590463204
-0.0598511836
-0.0612946756
-0.0607941408
-0.0602058116
-0.0596419974
-0.0621376442
-0.0598826296
-0.0608730462
-0.0610127296
-0.0594074622
-0.0598697468
-0.0601735614
-0.0583735802
-0.0611182532
-0.0606998808
-0.0596066354
-0.0604226656
-0.0597634376
-0.0601035448
-0.060715749
-0.059445616
-0.0585083688
-0.0607526332
-0.059322363
-0.0593368352
-0.0612933766
-0.0591035508
-0.0601689086
-0.0596940612
-0.0596777278
-0.0607998694
-0.0616064002
-0.061385407
-0.0601563942
-0.060551599
-0.061587517
-0.0613443648
-0.0597607912
-0.0612411674
-0.061953874
-0.061120066
-0.0611734774
-0.0616869436
-0.06125848
-0.0624895288
-0.0607485424
-0.059490507
-0.0624804166
-0.0628226566
-0.0605520642
-0.0610519886
-0.0626296774
-0.0611552344
-0.0630542252
-0.0623738172
-0.0628312254
-0.0616308372
-0.0605033542
-0.061956714
-0.0616232958
-0.0620111826
-0.0621632834
-0.0611195524
-0.0599419148
-0.0611812904
-0.060686339
-0.061170172
-0.0592789942
-0.059921859
-0.0599794096
-0.0594959936
-0.0590859182
-0.0597939048
-0.0596419974
-0.0588777408
-0.0590201674
-0.0601397406
-0.059386234
-0.0608660668
-0.0605827732
-0.0601723108
-0.0606802902
-0.062767481
-0.0607375208
-0.0595248414
-0.0605403836
-0.0611101982
-0.0633046768
-0.0623200856
-0.0606276642
-0.0607204018
-0.060975875
-0.0614003446
-0.0612649456
-0.0608559274
-0.0605921274
-0.0631238248
-0.0613611152
-0.0618890052
-0.0617692996
-0.0613215172
-0.0622004098
-0.0627664536
-0.061057669
-0.0626965822
-0.0620684614
-0.0593096066
-0.0608179672
-0.0591309544
-0.0602294928
-0.0624458884
-0.0610535782
-0.060904511
-0.059983694
-0.059166763
-0.0596842902
-0.0607231936
-0.0608040086
-0.0597560414
-0.0602983072
-0.0603350166
-0.061408206
-0.0608021474
-0.0607273812
-0.0613444616
-0.0599031992
-0.0609520968
-0.0603123142
-0.0606804354
-0.0612974674
-0.061229632
-0.0612183684
-0.0606942006
-0.0611992916
-0.0609782982
-0.0602861128
-0.0590473478
-0.061009279
-0.062392235
-0.0605858368
-0.0610451062
-0.0617245352
-0.061097829
-0.0606950344
-0.0615208356
-0.060160727
-0.0599377272
-0.0604935348
-0.0598547608
-0.0601577416
-0.0606552616
-0.0610014658
-0.0604068162
-0.0614433744
-0.0602894666
-0.0594107678
-0.0607040684
-0.060169519
-0.062008216
-0.0622562928
-0.0593569208
-0.0593112444
-0.0587952582
-0.0601563942
-0.061707513
-0.0610991764
-0.0608208558
-0.0617799528
-0.0610130496
-0.0624213734
-0.0608827688
-0.0605983996
-0.0612533618
-0.0615526204
-0.0610688358
-0.0611767828
-0.0616913732
-0.0605209384
-0.061552155
-0.0590326818
-0.0602833696
-0.0618766844
-0.0608866364
-0.0608665806
-0.0610044512
-0.061802752
-0.0621934304
-0.0609537348
-0.0608649614
-0.062247549
-0.060766592
-0.060783856
-0.0616173922
-0.0607321122
-0.0603515734
-0.0607908838
-0.061304592
-0.062766502
-0.061209673
-0.0611848192
-0.0613424552
-0.0604392896
-0.0606198512
-0.0619235818
-0.0613379958
-0.061281696
-0.0617995434
-0.0607652928
-0.0606156636
-0.0610272018
-0.0615010218
-0.0615059166
-0.0597725982
-0.061704014
-0.062975785
-0.0612804938
-0.061049934
-0.0618673302
-0.0609206024
-0.0616977904
-0.0605152096
-0.0606100318
-0.0621034064
-0.0621034064