-0.0729808132
-0.072010288
-0.0726228058
-0.0698194306
-0.0716189384
-0.0720233276
-0.0708593046
-0.0701934282
-0.0711889756
-0.071549933
-0.0711630066
-0.0714905956
-0.0708820932
-0.0719653852
-0.0714462116
-0.072870912
-0.0719235512
-0.0715335608
-0.0716614192
-0.071872908
-0.071466659
-0.0721014954
-0.0721657396
-0.0733171418
-0.0723500416
-0.0721856652
-0.0718131062
-0.0729333482
-0.071789424
-0.0714218344
-0.0698269086
-0.0716444098
-0.0720282166
-0.0714838364
-0.0720572566
-0.0727453516
-0.0722699492
-0.071647651
-0.0709924948
-0.0721925504
-0.0719872858
-0.070565974
-0.0713857068
-0.0729143726
-0.0716034096
-0.0700957744
-0.0716411166
-0.070731418
-0.070889488
-0.0714744126
-0.0702034592
-0.07137502
-0.0714435278
-0.0718837054
-0.0707977424
-0.0715833508
-0.0721038528
-0.0711623826
-0.0716851524
-0.071527454
-0.0701739862
-0.0698001706
-0.0717940298
-0.0703986254
-0.0700622388
-0.070975027
-0.0709215112
-0.071288038
-0.0709375976
-0.0714558738
-0.0707632416
-0.0695291528
-0.0720671064
-0.0724132748
-0.07160855
-0.0718928148
-0.0706581894
-0.0706669488
-0.0697699292
-0.0708669432
-0.0706748026
-0.0700030482
-0.0701594712
-0.0710820892
-0.0710091694
-0.0698831738
-0.0697344596
-0.0702213134
-0.0703626242
-0.070988348
-0.0707453276
-0.0707531642
-0.0708507694
-0.0710204196
-0.0715070132
-0.0715070132
-0.071202957
-0.0709892592
-0.0711326448
-0.0710035472
-0.0710869856
-0.0703858362
-0.0709672606
-0.0706410254
-0.0709192038
-0.0710684914
-0.0708735652
-0.0716106158
-0.0708334352
-0.0711224692
-0.0724450276
-0.072497765
-0.071650271
-0.0706438598
-0.07099293
-0.0730649208
-0.0704952932
-0.0718478442
-0.0713644296
-0.0719967962
-0.0718970332
-0.0715674652
-0.0699706032
-0.0712753494
-0.070802363
-0.0718758804
-0.0728110658
-0.0714680878
-0.0684072386
-0.0705381932
-0.0701539238
-0.071072727
-0.0719320834
-0.070942787
-0.0719852344
-0.0708171504
-0.0711201418
-0.0712817944
-0.0712515942
-0.0710771056
-0.0701072814
-0.0709198078
-0.0714995682
-0.0704819694
-0.0712994594
-0.0708571582
-0.0717812156
-0.0717754136
-0.0709779282
-0.070918945
-0.0712417878
-0.0700483216
-0.0711122792
-0.0704534538
-0.071579958
-0.0714048408
-0.0712908496
-0.070967705
-0.0718057372
-0.0704474564
-0.0730544854
-0.07225738
-0.0722319694
-0.071917624
-0.0705098576
-0.070515836
-0.0706869498
-0.072402417
-0.0719853326
-0.071282422
-0.070688845
-0.0698123952
-0.071535719
-0.0707334028
-0.0710834034
-0.0697185356
-0.0708906316
-0.0692210952
-0.0700794674
-0.0700436294
-0.0702976548
-0.0705504956
-0.070476847
-0.071188195
-0.070085442
-0.0712093948
-0.0706312178
-0.0715314792
-0.0705594542
-0.0710562146
-0.071020636
-0.070154352
-0.071021421
-0.0695972038
-0.0707714544
-0.0705432074
-0.0708040758
-0.0709613406
-0.0708525112
-0.0709424276
-0.0720259928
-0.0697851096
-0.0709017604
-0.0704909326
-0.071604389
-0.070451617
-0.0709572988
-0.0717716122
-0.0692416088
-0.0696812538
-0.0706897248
-0.0712481106
-0.0695268926
-0.0714564362
-0.0712088924
-0.071859027
-0.0712887144
-0.0705136112
-0.0719282838
-0.070737821
-0.0714066604
-0.0715856576
-0.069580767
-0.0703503232
-0.0699886702
-0.070284602
-0.071603757
-0.0703771032
-0.0696536148
-0.0707749314
-0.0705106786
-0.070560125
-0.0702633846
-0.0692094774
-0.0701099572
-0.0715224872
-0.069683217
-0.0695804618
-0.0694295474
-0.0701173658
-0.0698703502
-0.0701246312
-0.0707416244
-0.0696024206
-0.0708455774
-0.0710935378
-0.0693334158
-0.0700419798
-0.0722556962
-0.0708214484
-0.0714933036
-0.0695413062
-0.0703832316
-0.0710778464
-0.0711540812
-0.071338523
-0.0712728592
-0.0708736522
-0.071718496
-0.0709749776
-0.072153249
-0.0707209228
-0.0727192908
-0.070855075
-0.0718624724
-0.0707794338
-0.0702457122
-0.0713729812
-0.0720497592
-0.0715335926
-0.071485359
-0.0704516098
-0.0696468328
-0.0712442018
-0.071457778
-0.0704337872
-0.0712977238
-0.0719290486
-0.0714935756
-0.0696227268
-0.0723683208
-0.0711184636
-0.0700662524
-0.069270074
-0.0714525102
-0.0720456578
-0.0712704322
-0.0708866502
-0.0711464016
-0.0701083766
-0.070905364
-0.0713489686
-0.0713507554
-0.072313704
-0.071738151
-0.071294851
-0.0698622218
-0.0700030796
-0.0700305822
-0.0698360796
-0.0701944692
-0.0706155852
-0.0712731008
-0.0711620546
-0.0700083218
-0.071006295
-0.0714209744
-0.07064141
-0.071382776
-0.0695318198
-0.0699304704
-0.069457015
-0.0709981634
-0.068812533
-0.0699267084
-0.0711683674
-0.0691458216
-0.0708813462
-0.0696442438
-0.0700418744
-0.0714198158
-0.0701094614
-0.071510554
-0.0686967288
-0.071771524
-0.0700279562
-0.0713687044
-0.0710809128
-0.0696940818
-0.0711832642
-0.0713801474
-0.0708335676
-0.07029156
-0.0704255904
-0.0726349726
-0.0715768606
-0.0715593928
-0.0714125632
-0.071624365
-0.0704964816
-0.0701566402
-0.0700001748
-0.0713292838
-0.0714798228
-0.072027967
-0.0718942786
-0.0730178888
-0.0719160348
-0.070998024
-0.0714065354
-0.0726530682
-0.0706039258
-0.0717373964
-0.0713938442
-0.0712632124
-0.0714619542
-0.0705798752
-0.0714847266
-0.0712028934
-0.0703939446
-0.0711022368
-0.0714091294
-0.0739109078
-0.071745532
-0.0720875276
-0.0713009636
-0.0714011006
-0.0725944486
-0.0705732914
-0.0727082028
-0.0707494158
-0.0715482418
-0.0713013046
-0.0721073758
-0.0713454324
-0.0727246094
-0.072330107
-0.0710540308
-0.0725080692
-0.0734533646
-0.0732174176
-0.0714893496
-0.072337921
-0.0714781034
-0.070631746
-0.070954013
-0.071085245
-0.0711718678
-0.0722326618
-0.0700366356
-0.0716401132
-0.0715761794
-0.0713940832
-0.0711588232
-0.0705458336
-0.070633885
-0.073968716
-0.0731941842
-0.0729218492
-0.0718323404
-0.0703267058
-0.0721302456
-0.071021684
-0.071953079
-0.0716863758
-0.0717372474
-0.0713118896
-0.070907054
-0.073423513
-0.070360531
-0.0718095398
-0.0720388618
-0.0727912044
-0.0712716582
-0.0724173972
-0.0708920204
-0.0714947176
-0.0719584992
-0.0706760528
-0.0731484196
-0.0722949212
-0.0711363408
-0.070852426
-0.0692950914
-0.0713996084
-0.0716280912
-0.0713124684
-0.073283612
-0.0721714398
-0.0724870118
-0.0724927832
-0.0709923264
-0.0705781222
-0.0707803104
-0.0725977702
-0.0705750074
-0.0713791604
-0.0726965676
-0.07231634
-0.0720518754
-0.0724393618
-0.0718098122
-0.071341139
-0.0712997978
-0.0724959514
-0.0716524276
-0.071206765
-0.0717842124
-0.0720202406
-0.072260015
-0.0719471454
-0.0710049096
-0.071624614
-0.0722385654
-0.0720316112
-0.0715876104
-0.0703605758
-0.071401528
-0.0708646506
-0.0713644656
-0.0707060326
-0.0695662684
-0.0718246388
-0.0707444892
-0.0727398664
-0.0701725062
-0.0700150302
-0.070623791
-0.070678896
-0.0707328316
-0.069467898
-0.071739643
-0.0715604194
-0.0713472358
-0.0690704398
-0.0723398388
-0.0699882812
-0.0701143602
-0.069990254
-0.0698513064
-0.0709211132
-0.0699245396
-0.0703194252
-0.0715892814
-0.0703764956
-0.071523436
-0.0702748576
-0.069656938
-0.0697937922
-0.06973361
-0.0705292314
-0.0704221126
-0.0717738312
-0.0702862534
-0.0710486834
-0.0699207046
-0.0697312812
-0.0693848568
-0.070098601
-0.0705034656
-0.0707662454
-0.0713254072
-0.0705842502
-0.07100795
-0.0704815612
-0.0711433928
-0.0705931642
-0.0704657126
-0.0711908864
-0.072584923
-0.0700969392
-0.0699146594
-0.0714466036
-0.0724558666
-0.0716224528
-0.0719373134
-0.0720283218
-0.0720814936
-0.0705926512
-0.0710088338
-0.0712461254
-0.0720995682
-0.0712578264
-0.0711701894
-0.0702578812
-0.0707769678
-0.0713071972
-0.0731948162
-0.071114186
-0.0715962396
-0.0712042078
-0.0709072554
-0.0714897222
-0.070131766
-0.0712953232
-0.0711220408
-0.0711673164
-0.0721691442
-0.0707677666
-0.0700565008
-0.0704081468
-0.0724337264
-0.0707180964
-0.0702635342
-0.0707696118
-0.069688438
-0.072712031
-0.0714605212
-0.0730291266
-0.0719543392
-0.0719351286
-0.070263151
-0.0718786516
-0.0714618612
-0.071114477
-0.0705205994
-0.071209774
-0.0708770912
-0.0701835966
-0.072554613
-0.0706069856
-0.0713168194
-0.0698158046
-0.0700819396
-0.071554391
-0.0707550648
-0.0700836658
-0.0710510318
-0.0702548546
-0.0704142402
-0.0713916634
-0.0699252706
-0.0693876828
-0.0703564708
-0.0695368188
-0.070279691
-0.0692574568
-0.0716642328
-0.0703199082
-0.0703275248
-0.0706381164
-0.069025309
-0.0701391234
-0.0707464468
-0.070553363
-0.0706009998
-0.0703875722
-0.070172287
-0.069104163
-0.0710928364
-0.0702498334
-0.0701435842
-0.0704139208
-0.0684917698
-0.0700800396
-0.070077555
-0.0697597828
-0.0698099706
-0.0680045072
-0.0693332556
-0.0696933524
-0.0696517958
-0.0691797396
-0.0704729954
-0.070892321
-0.069959965
-0.0717396912
-0.0711216864
-0.070262267
-0.0699141876
-0.0723035656
-0.0704402544
-0.0694000802
-0.0703030492
-0.071305719
-0.0714813686
-0.0704202344
-0.0700387984
-0.069632461
-0.0697572112
-0.0710759388
-0.071112627
-0.0715188212
-0.0714004722
-0.0710264392
-0.0712773312
-0.0715255118
-0.0710808862
-0.0705742052
-0.070595815
-0.0714120806
-0.0699076728
-0.0709438786
-0.0701857908
-0.0701370768
-0.069934528
-0.070662085
-0.069885085
-0.069813463
-0.0709261362
-0.0688660036
-0.0698122728
-0.0713955828
-0.0702229074
-0.0710735406
-0.0702459558
-0.0710842316
-0.0714485518
-0.070856533
-0.070237897
-0.0708803456
-0.070711377
-0.0702600104
-0.068561145
-0.0691947246
-0.0701660744
-0.0718242202
-0.0697198618
-0.0688172224
-0.0694571252
-0.0714525526
-0.069623484
-0.0714504296
-0.06979096
-0.0699793684
-0.0696748044
-0.0717520676
-0.0702610482
-0.0703105756
-0.069024285
-0.0709123432
-0.070250355
-0.0697337284
-0.0696897046
-0.0695784066
-0.0708400446
-0.070827722
-0.0706061708
-0.0702517732
-0.070861792
-0.0697413494
-0.0689396096
-0.0713837374
-0.0700049278
-0.0696079882
-0.0704740634
-0.0714628028
-0.0718921144
-0.0716209252
-0.0718470976
-0.0712966474
-0.0714971032
-0.0711287196
-0.0707838858
-0.068862352
-0.0693953062
-0.0692988806
-0.0701501172
-0.0705599934
-0.0686906748
-0.0703159822
-0.0689309914
-0.0709659322
-0.0711894488
-0.0698401532
-0.0700658434
-0.0702157604
-0.0713793816
-0.071497706
-0.0710730048
-0.0708716274
-0.0701983668
-0.071072147
-0.0702690408
-0.0700025244
-0.0710417592
-0.0715970982
-0.0709806512
-0.0735771648
-0.0709006264
-0.071372651
-0.0707306622
-0.0704250836
-0.071527359
-0.0697925868
-0.069252511
-0.0702926986
-0.0713827624
-0.0692603938
-0.0706557312
-0.0722626798
-0.071515883
-0.0713619458
-0.0717399114
-0.0703184354
-0.0702229132
-0.0717628694
-0.070686995
-0.070434143
-0.0709335234
-0.07172203
-0.071210434
-0.0719014446
-0.0711794772
-0.070325474
-0.0706013826
-0.0705400886
-0.0705217578
-0.0721824646
-0.070921005
-0.0700512862
-0.0708756038
-0.0706201514
-0.0707038116
-0.0708099154
-0.0714604244
-0.0721707756
-0.0714881386
-0.0709648674
-0.0716513444
-0.0707855326
-0.0710710974
-0.0717387482
-0.0720845494
-0.0722893986
-0.0721600632
-0.0715558398
-0.0728930802
-0.0715458342
-0.0709464398
-0.0707412448
-0.071697343
-0.0703435336
-0.0715594184
-0.0711812496
-0.072016285
-0.0732193096
-0.0711695074
-0.0713852496
-0.0701957142
-0.0711468096
-0.0718064098
-0.072838411
-0.0725961194
-0.070731351
-0.0711437544
-0.071072317
-0.0721155026
-0.070737049
-0.0712158666
-0.0711958024
-0.070574986
-0.069868281
-0.0722293736
-0.0710968958
-0.0703594704
-0.0715917248
-0.0726991408
-0.0715200448
-0.073219535
-0.072587996
-0.0727011934
-0.069161966
-0.0720654318
-0.0718682504
-0.0727217498
-0.0731198574
-0.0724102932
-0.0723483308
-0.071726686
-0.0719163754
-0.0722558362
-0.0713614338
-0.0707499658
-0.0722769536
-0.0704338404
-0.0700506864
-0.0688202534
-0.069814943
-0.0716915774
-0.0712802388
-0.0712802388