0.0285057368
0.026860369
0.0275546974
0.0274540534
0.0273081422
0.0283550564
0.0263464994
0.0268454202
0.0258791778
0.0257879676
0.0262911766
0.0263315508
0.0264034474
0.026903062
0.0274659118
0.0274178728
0.0258779838
0.027157532
0.0273165636
0.0279295864
0.0292910798
0.0289788376
0.0271740226
0.0280216484
0.0277006584
0.0267474106
0.0267383212
0.0274698022
0.0272858868
0.0267831742
0.0266846668
0.0289594928
0.0265956342
0.0270520962
0.0271934212
0.0272030702
0.0276797592
0.0277960408
0.0275003054
0.028911148
0.0266222858
0.0263264594
0.02731442
0.0260722214
0.0273977774
0.0270572314
0.0262157446
0.0264252242
0.024873298
0.025696876
0.0272211534
0.0268887722
0.026343627
0.026099619
0.026813666
0.0259753358
0.0259134574
0.0270826658
0.02516547
0.0257175718
0.0264369312
0.0267568754
0.0269875646
0.0266493038
0.0267620064
0.026560992
0.0257486338
0.0270624022
0.0260193762
0.0270655636
0.025571006
0.0260659078
0.026430111
0.0255640714
0.0264675872
0.0262410776
0.02802701
0.0277763156
0.0283926732
0.0273202786
0.0287651302
0.0281065064
0.0277938174
0.0269554108
0.0277354156
0.0267851406
0.0273548116
0.0253155314
0.0269882354
0.0278263258
0.0265437474
0.0262718374
0.0271103912
0.0288008158
0.029237766
0.0282790286
0.0288474164
0.027674877
0.0279833348
0.0276422242
0.0271503368
0.0283216876
0.027844015
0.0286959372
0.026851367
0.0290178568
0.0282376256
0.0278767232
0.0290773356
0.0280039032
0.0283282996
0.0290293904
0.0280135686
0.0286366764
0.0290479006
0.0287604494
0.027541583
0.0284621258
0.0281697126
0.0285466546
0.0287032892
0.0287597222
0.028180848
0.0274065316
0.0285150696
0.0288744772
0.0285494034
0.030015584
0.0291046478
0.0303502572
0.0289303284
0.0285402372
0.0294883258
0.0288913236
0.0289547258
0.0273648562
0.0285521048
0.0292375666
0.0294704232
0.0290596192
0.028855396
0.0277758194
0.0283401896
0.0306506352
0.0276061818
0.0305107314
0.028816998
0.028315877
0.0281151228
0.0277149794
0.0279967572
0.0296551744
0.0275657736
0.0297219412
0.0291577032
0.0291739468
0.0272677392
0.0276792266
0.0280819158
0.0279194202
0.0284258184
0.027987989
0.0272234872
0.0266012112
0.0282329534
0.028209345
0.0286860376
0.0277056782
0.0285910614
0.0288471452
0.0268883238
0.0291355768
0.0282265362
0.0280212892
0.0255958192
0.0270823188
0.0263850568
0.0268627812
0.0276919122
0.0286657872
0.0280048222
0.0284317476
0.029173702
0.0279885466
0.0285611904
0.028054219
0.0270255116
0.0290543882
0.027480739
0.0283423658
0.0272457302
0.0267064396
0.0274495412
0.0279199662
0.0264478226
0.0275164322
0.0276658382
0.026629198
0.0270165368
0.0274254764
0.0273392316
0.0268123804
0.0262685394
0.02725681
0.0261097838
0.0259923904
0.0266946434
0.026024144
0.0281946584
0.0270728298
0.0284511612
0.0278428698
0.0285547764
0.0271758668
0.0270842296
0.0280843634
0.028113289
0.027629412
0.0275165942
0.0275721792
0.0275238206
0.0265442782
0.02767756
0.0264495518
0.0279412
0.0265840326
0.0268910246
0.0280395832
0.027884935
0.0276564866
0.0276413898
0.0274716574
0.0270362386
0.027242571
0.0287178352
0.027401551
0.0269080382
0.026666411
0.027254623
0.028008514
0.0279685086
0.0284379508
0.0274658764
0.0274350522
0.0282442366
0.026717257
0.0270247614
0.0271935778
0.0298166762
0.0291959294
0.0276459388
0.0277435978
0.027203107
0.0282023078
0.02717522
0.028567707
0.0288508698
0.0278670734
0.028558049
0.027457866
0.0266469746
0.0274738646
0.0282545668
0.0274864058
0.0276183798
0.0283355686
0.027132686
0.0265299218
0.027803859
0.02814772
0.0269766384
0.0267456942
0.0289571442
0.027725981
0.0276824652
0.0272710664
0.027045935
0.0272705076
0.0289023608
0.0289817022
0.0273413196
0.0280544946
0.0285030962
0.0271776362
0.0273598316
0.027901119
0.0278996792
0.0286566822
0.0264749738
0.0266231154
0.0272075924
0.0269822932
0.0277506642
0.0269213684
0.0270547138
0.0272952198
0.027101567
0.0261320106
0.0262203602
0.0264583076
0.0276220396
0.0271753628
0.0272221944
0.0267244064
0.0263594516
0.027058405
0.0247534482
0.0269026208
0.0276972724
0.0279630802
0.0270812574
0.0265787076
0.0261236408
0.0257987386
0.026084719
0.0268888336
0.0278773852
0.0271141758
0.0274757296
0.0276191412
0.027500235
0.028399491
0.0258776482
0.0274075344
0.0273605004
0.0280423008
0.0276534314
0.0282025016
0.02733127
0.0275482018
0.0272290924
0.0269196046
0.0288789834
0.0281090208
0.0277202994
0.0268604624
0.0275053802
0.0285138376
0.0306755608
0.0282893182
0.0286509208
0.0288563318
0.0286121
0.0273778748
0.0291696512
0.0281336706
0.0283857312
0.028389398
0.0283451468
0.0286186978
0.0274090642
0.0286855304
0.027545771
0.0286930946
0.0283086758
0.0281930454
0.0282807878
0.0290258506
0.0280055272
0.0276699196
0.0277620926
0.0283110258
0.0288657954
0.0277780306
0.0281222308
0.0300311126
0.0294981296
0.0293747254
0.027777946
0.0283385498
0.0290933608
0.0292850586
0.0270915624
0.0290982962
0.027499809
0.0279731312
0.028169795
0.0288414886
0.0278527424
0.0274930026
0.0284532516
0.0282423588
0.0270990092
0.0290696146
0.0291643382
0.0274109682
0.0264956264
0.0283437806
0.0276901714
0.0272005288
0.0277108166
0.0281738816
0.0281854796
0.0292229798
0.0293169886
0.0286979054
0.0301091222
0.0282721794
0.0286980864
0.0273561442
0.0282040928
0.0287800976
0.0276981724
0.029042619
0.0271260394
0.0271894112
0.0271009876
0.0271198052
0.0275562188
0.02815148
0.0282733344
0.0284163186
0.0272880938
0.0273415132
0.0275840846
0.0287449444
0.0278727522
0.0288155068
0.027194541
0.0281015644
0.0287173386
0.0284804642
0.0280773736
0.027865153
0.029026904
0.028996849
0.0290890944
0.027605555
0.0272370074
0.027473397
0.0275964166
0.0282959226
0.0281229606
0.0274804198
0.029261829
0.0278703244
0.027464319
0.0284237394
0.0277600992
0.026983222
0.0290903588
0.028897653
0.0277380142
0.0279709524
0.0278711626
0.0285744884
0.0283808018
0.0294117302
0.0279415414
0.0289345258
0.0296831972
0.028667295
0.0299428082
0.0276691722
0.0297344378
0.0271003258
0.0291329654
0.0304434912
0.0300452232
0.0301609154
0.0300092842
0.028897358
0.0302618732
0.028428401
0.0289959702
0.0279854034
0.0286870512
0.0290047514
0.0279518682
0.028717935
0.0312349816
0.0315977686
0.0304977788
0.0301262902
0.0300089138
0.0313654276
0.029035608
0.0302154858
0.0297707868
0.0307807414
0.0298353272
0.029582369
0.0304715574
0.0291146454
0.0299912496
0.0294766692
0.0285680954
0.028890322
0.029364648
0.028495122
0.0285722472
0.0292028418
0.0286362456
0.0304681618
0.029403101
0.0300505632
0.0290905772
0.0296593788
0.0294739232
0.0281348708
0.0287150302
0.0290949924
0.0292076628
0.0294680636
0.0286883156
0.0273944114
0.027488828
0.0286857448
0.0289213914
0.0285617644
0.0289410504
0.0296915796
0.0291064782
0.0285379434
0.0289781634
0.0290394524
0.028755187
0.0285697216
0.0289299836
0.0296636112
0.0290074168
0.0306999742
0.0301558572
0.0289982962
0.0281444694
0.0297781608
0.0288984068
0.0294347378
0.0306328956
0.0284923192
0.0299801616
0.0283954116
0.0295611128
0.0277603602
0.0287318574
0.029794012
0.0288119826
0.0297793914
0.0294971512
0.0309155104
0.0284891238
0.0297581548
0.029796499
0.0284148188
0.03012481
0.0293291892
0.028692659
0.0294317518
0.0304911072
0.0304733586
0.0289496164
0.0295160906
0.0300350222
0.0302708736
0.0294525974
0.0302667692
0.0317858622
0.0318008654
0.0271155558
0.0291350526
0.0289214936
0.0278256966
0.0287847874
0.028878651
0.0293943608
0.0278771964
0.0279211088
0.0288409282
0.0277546058
0.0293238336
0.0285067816
0.0285677036
0.0283982926
0.0299546516
0.0295269642
0.0288651072
0.0298297036
0.028901855
0.0299627636
0.0294455934
0.0287399288
0.029484455
0.0275734792
0.0276019694
0.0296517832
0.0282203204
0.0292430464
0.0301655886
0.0300908576
0.0285590356
0.029211967
0.0290730842
0.0291281444
0.0290294354
0.0293797472
0.0297938742
0.0299139842
0.028178394
0.0290701104
0.0286379334
0.027966292
0.0296642996
0.0288624798
0.02910319
0.028885912
0.0285678612
0.0294041272
0.0275702054
0.0285982602
0.028958286
0.0282694724
0.027735956
0.027733481
0.026770626
0.028577629
0.0290622186
0.0270356546
0.027665934
0.0277487788
0.0274771018
0.0292108246
0.028668521
0.029416606
0.0289590048
0.0285181318
0.0291005886
0.030245386
0.0296471734
0.028195428
0.0288945822
0.0287770674
0.028474836
0.0304942382
0.0296331908
0.0303376008
0.0293214262
0.0291244614
0.0284652844
0.0303020182
0.029835664
0.028497806
0.02762615
0.0276273888
0.0288656102
0.026672572
0.0285073344
0.0279504522
0.0272663176
0.0276809542
0.0292623598
0.0295367336
0.0284917948
0.029123112
0.0276765924
0.0276056164
0.0282131842
0.0272724012
0.0296949472
0.0303909072
0.0286952968
0.0294796882
0.027087473
0.0284854884
0.0289419846
0.0280462248
0.0291441504
0.028271455
0.0292736244
0.0295280606
0.0297916778
0.0276001236
0.0290016536
0.02916126
0.0287989892
0.0299894532
0.0296872448
0.0297334302
0.0299422504
0.0299087356
0.0297520544
0.0291795348
0.028434842
0.0292762436
0.0297284532
0.0297611486
0.0281762116
0.0290224708
0.029824933
0.028232594
0.0300087816
0.0300948916
0.028842153
0.0289800188
0.0267679034
0.0286200656
0.0295685238
0.0299641766
0.0295735206
0.0291943886
0.0283525306
0.027537326
0.0290044722
0.0293200864
0.0282403062
0.027557478
0.029103936
0.028235596
0.0292335198
0.0290885962
0.0283514144
0.0289132012
0.0299136458
0.028314079
0.0278949274
0.0285605304
0.0305284194
0.029270636
0.0292356306
0.0290854282
0.028302425
0.0282568806
0.0280169394
0.0276941424
0.0291002468
0.0296745986
0.0276306858
0.0292264788
0.0296920918
0.0268934644
0.0299250644
0.0271061224
0.0292374282
0.0269681096
0.0291251306
0.0282783814
0.0276292464
0.0281493578
0.0298978282
0.0280405124
0.0296952036
0.0271087846
0.0289188746
0.0272346188
0.0288642214
0.0291884952
0.0283575616
0.0285344412
0.0295881736
0.0290582632
0.0291440142
0.0281413852
0.0276542782
0.0271949924
0.0290319714
0.0290532674
0.029275021
0.0302743588
0.0295679462
0.0294539168
0.0285589742
0.0292970516
0.0288953464
0.0277910352
0.0290787394
0.0286686244
0.0292969244
0.028338209
0.0294134276
0.0292931892
0.029706437
0.0301200068
0.0293836114
0.0289481892
0.0297641096
0.0291439874
0.0295693844
0.028669612
0.0300756514
0.0290986528
0.0308915722
0.0295244564
0.0286476022
0.0301788292
0.0290751232
0.0306483806
0.030051654
0.0307426168
0.029298889
0.0313276174
0.0303577994
0.0306434906
0.0296712724
0.0296744548
0.0286039232
0.0297490142
0.0305655704
0.0301869484
0.0296979214
0.029562106
0.0300357152
0.0290141294
0.0292178976
0.0290927794
0.0302800476
0.0288694968
0.0296728458
0.0303096716
0.030292342
0.0301483928
0.0289589224
0.0304304738
0.0312089778
0.0308669876
0.0300180832
0.0286019274
0.030272431
0.030791346
0.028603238
0.029240549
0.0300633762
0.0288418184
0.0287117458
0.0311124058
0.0304027516
0.0298071438
0.0293045884
0.0293220108
0.0285125118
0.028288939
0.0286884028
0.0288445276
0.0306013568
0.0295896464
0.0302153362
0.028558054
0.0312619732
0.0290880208
0.0301763384
0.0289548588
0.0310046076
0.0283285938
0.0289797136
0.0309089394
0.0287977652
0.0290903836
0.0286523574
0.0295151032
0.0305216894
0.0291846688
0.0306897016
0.0314526172
0.0312120282
0.0293261614
0.0287880858
0.0287995774
0.0302617682
0.0284938902
0.0294295884
0.030058232
0.0297187496
0.0303356044
0.0289799288
0.0294269616
0.0289111542
0.0300454798
0.0291744764
0.0300363928
0.030022689
0.0296623574
0.0297446194
0.0289536644
0.0295474206
0.0297311156
0.0287626106
0.0298890154
0.0291066382
0.0303882108
0.0292140322
0.0285550832
0.029053465
0.0287082732
0.0293219166
0.0288809776
0.0290459504
0.0284812242
0.0296469472
0.0298956188
0.0299821526
0.0308257434
0.029035415
0.0317672122
0.031246153
0.0297765366
0.0294293702
0.0298220594
0.0297184962
0.0281161488
0.0288164812
0.0306089786
0.0305230656
0.028580894
0.0299952396
0.0285508756
0.0279573602
0.0287942926
0.0286694958
0.0304995266
0.0297865132
0.0294106058
0.0288426566
0.0291177734
0.028029771
0.0284625852
0.0280936832
0.0294053262
0.0278616558
0.0284070428
0.029872772
0.030066383
0.031490131
0.0289574156
0.0291638892
0.030100059
0.0297641834
0.029036829
0.0297728222
0.030416331
0.0271517924
0.028114838
0.028743494
0.0282175502
0.0291286484
0.028665314
0.0285077694
0.0285393884
0.027981081
0.0285673588
0.0291604484
0.0292955084
0.0296061198
0.02858367
0.0282263886
0.0281793966
0.0291464104
0.0302920216
0.0281690886
0.0289999398
0.0308336042
0.0287873614
0.0283031024
0.0289355792
0.0289770692
0.0302221404
0.0286672494
0.0309184696
0.0281557664
0.029798431
0.0303884858
0.0295633534
0.0295769958
0.029563254
0.0298982752
0.0302043252
0.0293190606
0.0296966232
0.0293248182
0.0307932812
0.0309924536
0.030636532
0.0298139088
0.0293576308
0.0289562498
0.0284908132
0.0294681436
0.0300972278
0.0296146072
0.0300103358
0.0305767484
0.0294421516
0.0301566634
0.031127398
0.029959466
0.0302149002
0.0302834812
0.0305625512
0.0291880268
0.0297303158
0.0278405408
0.0297194572
0.029095807
0.0290007244
0.0301457904
0.029207482
0.029534334
0.0289292476
0.0290177012
0.030132533
0.0299065742
0.0299168562
0.029565627
0.0290370722
0.0296462238
0.0295612772
0.0300718302
0.028948513
0.030597555
0.0303506084
0.0294416906
0.0300643144
0.0293941562
0.028876623
0.029950765
0.0293007154
0.0296810262
0.0313144062
0.0305654104
0.0309319932
0.0308202846
0.0284562828
0.0293338882
0.0308544798
0.028789314
0.0295140908
0.0297530972
0.0306288938
0.0309376202
0.030263474
0.0301892638
0.0313976078
0.0287546182
0.0284219326
0.0289116894
0.0304339428
0.0293556898
0.0294843912
0.0304002548
0.0300338836
0.029682703
0.029849401
0.030379221
0.0294599934
0.0300990066
0.031497828
0.0311804554
0.0284298578
0.0307373312
0.0302839914
0.0307447538
0.0298459976
0.0300341268
0.0317549734
0.0295991736
0.0297372712
0.030271463
0.0302031016
0.029840708
0.0295400198
0.0311319382
0.0299441844
0.0297149482
0.0295610144
0.0294601876
0.0306569844
0.0307228034
0.0298502032
0.0294332506
0.0289508808
0.029737646
0.0282433068
0.0283303286
0.0291334922
0.030628672
0.0291720262
0.0284919438
0.0287648636
0.0292794384
0.0276631862
0.028937189
0.0285740216
0.0288678214
0.0295084354
0.0286468332
0.0291042052
0.0299753462
0.0293511436
0.0302756302
0.0296649066
0.03025598
0.029802387
0.0295568718
0.0282092526
0.030706324
0.0290139554
0.028595283
0.0286591004
0.0294335306
0.0298458368
0.0280792426
0.0286467462
0.0293699594
0.0297158476
0.0300916128
0.0282786542
0.0292403836
0.0298344324
0.0288344804
0.0291818082
0.028807809
0.0300486734
0.0285204586
0.029687231
0.028337865
0.0286038682
0.030184258
0.0278642074
0.0287473954
0.0289695612
0.0294088754
0.0294443912
0.029376242
0.0297377816
0.0294183406
0.0301961306
0.0305432498
0.0272406946
0.0307896028
0.0300262612
0.0309862004
0.030869063
0.0308075328
0.0299486882
0.028660418
0.0298485886
0.0290714366
0.029934242
0.0305526308
0.029739161
0.0294153496
0.0306175386
0.029372652
0.0289105032
0.0309261014
0.0318540772
0.0307574016
0.0285677334
0.029392307
0.0290532576
0.0291403894
0.0283253966
0.029018983
0.0288930436
0.0282628782
0.0280240938
0.0293332096
0.0270658586
0.0297729652
0.0291996716
0.0290800684
0.0301686516
0.027897543
0.028260763
0.0293586648
0.0290353506
0.0304296302
0.0311739038
0.029091891
0.0293102468
0.029023254
0.028490282
0.0287750822
0.0297880138
0.0278384722
0.0280370402
0.0273711916
0.0284233278
0.0280144338
0.0276619476
0.0294703608
0.0295731824
0.0279039474
0.0288345174
0.0279310178
0.0284849392
0.0293822004
0.0280189776
0.0289251572
0.0290822376
0.0295110162
0.028978099
0.0283482712
0.0310675292
0.0278081354
0.0290451172
0.030844233
0.0302662276
0.0292109568
0.0289507558
0.0299392164
0.0299289786
0.0302118238
0.029135879
0.0295043708
0.0285490718
0.0287022668
0.0302002982
0.0297166206
0.0285534602
0.0298323808
0.0280699788
0.0287068954
0.028970358
0.0282544218
0.0288797106
0.0295945284
0.029841182
0.0291097522
0.0290832648
0.0303903152
0.0295222886
0.0304438746
0.0297236362
0.030051026
0.0301291426
0.0284109286
0.0298260944
0.0290767996
0.0290650328
0.0296216296
0.0299788338
0.0297183114
0.0305624118
0.0290638916
0.0303087986
0.0297213284
0.0305691828
0.029417647
0.029800909
0.028300184
0.0292818366
0.0282395232
0.0295755546
0.0291432164
0.0306371706
0.030321619
0.0281009886
0.0268580348
0.0301412824
0.0292732088
0.0286518896
0.0283201346
0.0293136014
0.029277594
0.0304060164
0.030178281
0.0297208518
0.0296800642
0.0309185144
0.0305092568
0.0300489948
0.0296588242
0.0301698154
0.0294762344
0.0285354742
0.0287595464
0.0287181474
0.0289028866
0.0300395586
0.0305487118
0.030555782
0.0304516686
0.029981774
0.028797404
0.0303505106
0.0307480828
0.0304806868
0.0304189322
0.0295060412
0.0312650372
0.0292859434
0.029905037
0.0307788992
0.0314612016
0.0319819222
0.0305326596
0.0317793058
0.0313210264
0.0304023026
0.0306685816
0.0298616732
0.0316303474
0.031705485
0.0319028154
0.0301511378
0.0301069818
0.030211765
0.0312388374
0.0321717148
0.0311332124
0.0316173398
0.0297007294
0.0309320984
0.031343362
0.0298090838
0.0289269244
0.0297982004
0.0312291224
0.030565757
0.028752236
0.0300974796
0.0310263848
0.0296167702
0.0293735372
0.0292319372
0.0291866134
0.0304195726
0.0305472112
0.029435543
0.0298178544
0.028706613
0.0302709646
0.0297865516
0.0288580774
0.029460583
0.0318896466
0.031863435
0.030010812
0.030787724
0.0293267844
0.0291284232
0.029838743
0.0295359828
0.0297830408
0.0289242482
0.0298891028
0.0299716794
0.0306237772
0.0288780496
0.0285191412
0.0308668584
0.0275581082
0.0287651174
0.0283840668
0.0297155344
0.0309907932
0.0303183668
0.0305556956
0.0300294992
0.0292237954
0.029827913
0.0306576442
0.0304148334
0.0300062242
0.030008934
0.029910571
0.0305057176
0.0295057812
0.0300618108
0.0301152438
0.030457283
0.030719168
0.0306233996
0.0290687566
0.0311148552
0.0290381128
0.030663455
0.030189828
0.0299685144
0.030294991
0.0301349212
0.0295717406
0.030688518
0.0298078536
0.0287331886
0.0307590586
0.0302204512
0.0300576048
0.0312544782
0.0305642938
0.0275238396
0.030116068
0.0289339888
0.0308136988
0.0316323614
0.0310260518
0.0305462782
0.0294419276
0.02911146
0.030812807
0.0312861248
0.0306306212
0.0296913522
0.0299757814
0.0309487294
0.03117337
0.0305502116
0.0307700694
0.030929582
0.0307674444
0.0311483698
0.030472848
0.0317455388
0.0311035948
0.0304843036
0.0300092612
0.0302541064
0.0286194288
0.0298415798
0.0316101378
0.030019251
0.0302815972
0.0305077204
0.0290991592
0.0298892344
0.03031391
0.0296541144
0.0289599176
0.0296489546
0.029995489
0.029437937
0.0293001202
0.0298933812
0.0302266922
0.0305184576
0.0284341522
0.0296085794
0.0306644562
0.0316520818
0.029343856
0.0303288746
0.0299745932
0.0304950624
0.029271166
0.0306656152
0.0316498796
0.0314761504
0.0297003822
0.0315786682
0.031643118
0.0313681174
0.0307799034
0.0296299174
0.0309324452
0.0299648904
0.0297059776
0.0296947358
0.0293440324
0.0297069004
0.0297366362
0.029574286
0.0294517606
0.0291624666
0.030601049
0.030254933
0.0301040386
0.0304324928
0.0302770628
0.0309234826
0.0292405248
0.0312661888
0.0293339702
0.030841596
0.0301922912
0.029315199
0.0288955836
0.0290178614
0.0294913024
0.0298317122
0.029389676
0.0288122016
0.0293642884
0.0290206214
0.0289024488
0.0298286
0.0295617286
0.0286516072
0.0286917366
0.0280980214
0.028078796
0.0293563848
0.0285385638
0.0298734754
0.0298542678
0.0305013244
0.0301288654
0.0295205994
0.028642932
0.0294537264
0.029286882
0.0289686536
0.029470071
0.0304311588
0.0311893924
0.0299143756
0.0310344238
0.029407059
0.0293911054
0.0294551902
0.0290658946
0.0296602106
0.0295242616
0.027959738
0.0296200346
0.0300509868
0.0310396604
0.0290254212
0.028712551
0.0297828248
0.028186573
0.0305799466
0.0302483778
0.0288688146
0.0295336794
0.029969969
0.0298555536
0.0292203406
0.0297322988
0.0283085486
0.0286187376
0.0298392556
0.0307429082
0.0286923056
0.0301868074
0.0297387286
0.030386398
0.0294717312
0.0287220512
0.031272894
0.0306196842
0.0299852014
0.0294358316
0.0309639938
0.0305480524
0.029081215
0.0304474458
0.029317385
0.0305006202
0.0297365614
0.0312275164
0.0307623742
0.0306793424
0.0297606974
0.0304731424
0.030016342
0.029726873
0.031002196
0.0302900354
0.030575825
0.0300395784
0.02931796
0.0305462932
0.0296223494
0.0293438998
0.0302477994
0.0295264354
0.0313567578
0.0305263762
0.0291720152
0.0299117546
0.031081731
0.031501121
0.0309777498
0.0296559508
0.0309168076
0.029779672
0.0309908842
0.0291728812
0.0314492708
0.030740296
0.0312872508
0.0292100314
0.030573018
0.0298684602
0.0305837042
0.0309365162
0.0323896328
0.0314106844
0.0302558186
0.0303995634
0.0302439564
0.0318298256
0.0299908312
0.0309455932
0.0302972802
0.0317182056
0.0300650096
0.0310997806
0.0299940268
0.0309585652
0.0302054326
0.0308987468
0.0296405414
0.0300723894
0.0308097226
0.0300561196
0.0304471106
0.031839007
0.030444569
0.0301863768
0.0296209138
0.0295479942
0.0290199848
0.0300463698
0.0294486578
0.0299050978
0.029915403
0.0297614604
0.0290323466
0.0304202324
0.0309283436
0.0305155074
0.0305595916
0.0302055236
0.0311174258
0.03059262
0.028540503
0.0293746834
0.0314199048
0.0308118714
0.0300655648
0.0308965528
0.0301261888
0.0311130588
0.029436652
0.028798935
0.030059393
0.0302764966
0.0295680988
0.031070529
0.0315621224
0.0316927678
0.0302010748
0.0312260414
0.0310235294
0.0308958472
0.0307535618
0.0310013404
0.0301748402
0.0297045366
0.0302876278
0.030018595
0.029906737
0.0291188538
0.0296520758
0.0291760304
0.0299001518
0.0297729608
0.0307049568
0.0298415866
0.0305816508
0.0302828226
0.0305875042
0.0308557206
0.031221837
0.0304108202
0.031045851
0.0299736462
0.0295262092
0.0308273484
0.0290961826
0.0280444406
0.0300370674
0.0276285018
0.0299895404
0.0284941608
0.0291217014
0.0288784132
0.0305971502
0.0309962048
0.031097966
0.0297265014
0.0285971868
0.0316005194
0.0312188254
0.030740997
0.0309374754
0.0294324124
0.0292390076
0.0316141784
0.0299958302
0.0307480724
0.031967595
0.0311891414
0.0311500616
0.0309298496
0.0317055342
0.0294370892
0.0305355084
0.0292350114
0.0299482208
0.0316262052
0.0313393406
0.030427998
0.0310981042
0.0300961168
0.0300639678
0.0299394762
0.0296712562
0.0298286052
0.031124131
0.0306548696
0.0312628572
0.0311115256
0.0295541682
0.0313734456
0.0297371436
0.0310663752
0.0311402322
0.0304816756
0.0298645968
0.03043127
0.0294257056
0.0301658114
0.0302988586
0.030831046
0.030545403
0.0288105606
0.0295922076
0.0297447762
0.030437679
0.0294474832
0.0301244654
0.0296291834
0.029983863
0.0313631024
0.0312002798
0.029738689
0.0311231404
0.0309292088
0.0311198664
0.0307203304
0.0304914772
0.0318792298
0.0303957638
0.0313482706
0.0294327022
0.0304129852
0.029934489
0.0298550718
0.0298446244
0.031139646
0.0312264074
0.0301873946
0.0308306636
0.0300937508
0.0301443298
0.0305930122
0.0308344326
0.0305161274
0.0306193858
0.030645276
0.0304899612
0.0291514554
0.0290006328
0.0288226256
0.030995639
0.028797493
0.030698537
0.0302954004
0.0309210894
0.0294602958
0.0275374442
0.028882934
0.0295256948
0.0293194138
0.0286366416
0.0304759266
0.028610594
0.0290921006
0.0291322174
0.0294472566
0.0290804272
0.0305278338
0.0303341016
0.0299899712
0.0294549706
0.0304465378
0.0295915298
0.0310828512
0.0310464236
0.0301367622
0.0302235632
0.0315393686
0.03137703
0.0304276234
0.0301321616
0.0310981284
0.0295122854
0.029996827
0.0296824394
0.0294514928
0.030783436
0.031007897
0.030789302
0.0300648568
0.0305949046
0.02930505
0.0292283514
0.0291049192
0.0291600688
0.0284805956
0.0282828738
0.02989542
0.0308946236
0.029731129
0.0318883566
0.0295836954
0.0303114024
0.029134875
0.0298664338
0.0298711356
0.0300701992
0.0310838602
0.0303405816
0.0290556168
0.029797366
0.0293353098
0.030367994
0.0288902326
0.0282628856
0.0297756474
0.0303471212
0.029841542
0.0314430262
0.0308253042
0.0317360268
0.029193004
0.0307883702
0.0310921618
0.0311044012
0.0320304594
0.0287064436
0.0299134402
0.0306783392
0.0315128206
0.0306495456
0.0314537026
0.0291137412
0.0305946124
0.0307461814
0.032195798
0.0299043488
0.0317392068
0.0301895764
0.0303206154
0.0313968374
0.0306417218
0.0306572544
0.0312454762
0.0315571276
0.031341345
0.0312475092
0.030498479
0.0301047334
0.0315867898
0.0316344734
0.0321691028
0.031509015
0.0310564692
0.030901309
0.0317903794
0.0310932588
0.0304447268
0.029579853
0.0306307476
0.031453997
0.029963542
0.0296663668
0.0295961112
0.0307176564
0.0294048456
0.0299136982
0.029889113
0.0314671888
0.0313319594
0.030634316
0.0308634674
0.030635137
0.0305224334
0.0299371954
0.0304598414
0.0313666074
0.0316581396
0.0311917116
0.0315562852
0.030972365
0.031566834
0.0320641532
0.0297180536
0.030478746
0.0319814696
0.0304112926
0.0298495162
0.0299687542
0.0298791486
0.0298680086
0.0298928042
0.0303831882
0.0323751522
0.0306963508
0.030789405
0.0311187176
0.0318218218
0.0311999692
0.032051303
0.0299074196
0.0320548658
0.0308086176
0.0313876906
0.0310070582
0.0303305862
0.030690654
0.0289804964
0.0314070608
0.0301681248
0.0300830052
0.031026333
0.029831121
0.0307932124
0.03102521
0.0316348042
0.0308277312
0.0310058026
0.030526096
0.0304515018
0.031832307
0.031099312
0.0304001192
0.0294990498
0.0296541152
0.0308392562
0.0288119592
0.0291405886
0.028814411
0.0290795632
0.0299721764
0.0298416416
0.0287261576
0.0307033726
0.03053999
0.030597852
0.02973051
0.030667747
0.029129392
0.030845787
0.0294523942
0.0297880292
0.0305361452
0.030306983
0.0294050732
0.0288788944
0.0307643164
0.031167342
0.03219798
0.0303844074
0.0311762282
0.0302261948
0.0307629246
0.0314323424
0.030813405
0.0308486258
0.0313073838
0.0305058532
0.0314923868
0.0322727026
0.0299757866
0.0295226304
0.0300306012
0.0299764544
0.029854442
0.0302316442
0.0302515668
0.0307658538
0.0296043522
0.0306663034
0.031571486
0.0296731012
0.029791529
0.0330845854
0.0319932436
0.0325209886
0.0314552748
0.0308302942
0.0298390922
0.0311467794
0.0320717694
0.0319759182
0.0306923108
0.0301185792
0.0326052238
0.0319775
0.0317096742
0.0315495558
0.031987385
0.0312636902
0.0305785452
0.0321638964
0.0326891428
0.0305464334
0.0308029362
0.0312164394
0.030755669
0.031521432
0.030918212
0.029698235
0.0311877244
0.031671679
0.0303940476
0.030762513
0.0303108786
0.0306915436
0.0317991818
0.0314924828
0.0309388266
0.031340647
0.031000249
0.0301225872
0.0307079354
0.0319986646
0.0303747786
0.0306464766
0.0320468674
0.0306237798
0.0305274518
0.0294425524
0.0303904128
0.0311127684
0.0318709566
0.0310530544
0.0310563458
0.0310718272
0.0327582294
0.0328243364
0.0314936866
0.0316438094
0.031490334
0.029929055
0.031830555
0.0305794934
0.0307980912
0.0311756398
0.0307953912
0.031437921
0.0308344366
0.031601254
0.0319828712
0.0316768628
0.0314741706
0.0306355326
0.031198383
0.0295493608
0.0309426092
0.0295624908
0.030506965
0.0310955848
0.031009959
0.030475178
0.0316807966
0.0307722962
0.0299684824
0.0311994246
0.0296545244
0.0304048912
0.0306618904
0.032629486
0.0310959228
0.031940184
0.0320012018
0.0324145342
0.031995481
0.031862887
0.0317185934
0.0320965688
0.029744704
0.0317190816
0.0301986744
0.0314154444
0.0312998896
0.030434289
0.030395858
0.0314143876
0.0302821152
0.0310693832
0.030009271
0.031609032
0.0313091326
0.0308873816
0.0311530172
0.0319299368
0.0306007326
0.0318166664
0.030183955
0.0318913464
0.0313944934
0.0308660064
0.0301677278
0.0307756744
0.0311812668
0.031154921
0.0311416584
0.0313449796
0.0310264618
0.032637173
0.0328339556
0.0300038486
0.0323594958
0.0323929118
0.0318339476
0.0313421258
0.0309217196
0.0306488428
0.0299933496
0.0304558968
0.0320663124
0.0328544478
0.0312642086
0.0332201564
0.033247223
0.0317269872
0.0308924568
0.031186252
0.0322675666
0.0310805462
0.0306037668
0.0308966572
0.0314342538
0.0305912432
0.0298299998
0.0313019584
0.0313839524
0.0326934568
0.0324353162
0.0314547472
0.0307744382
0.0313845952
0.031645451
0.0314548784
0.03111286
0.0308865772
0.030849144
0.0309613108
0.0317057212
0.0318149448
0.03173984
0.0324873282
0.0312228864
0.030193979
0.0308464324
0.0314694114
0.0317414994
0.0314931238
0.03263225
0.0320335954
0.0314450202
0.031801462
0.031286396
0.030679222
0.03041487
0.0325905452
0.0308034054
0.032188192
0.0332360652
0.0309882126
0.0317799126
0.0305306596
0.0309039884
0.0293143228
0.0311272364
0.030338301
0.0322065192
0.0306276278
0.0304994658
0.0307560724
0.0311786376
0.0308165318
0.031402754
0.0315317818
0.031324713
0.03139265
0.031160963
0.0310243804
0.0324713916
0.0308073216
0.0316773646
0.03318188
0.0311111232
0.0320245832
0.0315328192
0.0302567226
0.0307119312
0.0308630776
0.0313925208
0.0309200174
0.031058648
0.0327771662
0.0297578856
0.0293397204
0.030694318
0.0311949448
0.0307905074
0.0326328778
0.0306079044
0.030603032
0.032210746
0.0289263792
0.030558806
0.0309567278
0.0310805312
0.032111843
0.0295489752
0.0307520118
0.0305794556
0.0300751062
0.0311519718
0.0325013516
0.0315749564
0.0296337638
0.0315447058
0.0304072508
0.0312440866
0.0312984478
0.0321422524
0.0323947552
0.0322573396
0.0307982378
0.031788146
0.0317904662
0.0306702326
0.0318345754
0.0330733666
0.032579953
0.0317585522
0.0302117518
0.0303590078
0.032118062
0.0306702188
0.0308740002
0.0316115742
0.0318037812
0.0314693956
0.0324216466
0.0308947798
0.0308746648
0.0312317208
0.0304914048
0.0303791038
0.0312073988
0.031972865
0.0314359856
0.0310171678
0.0310350956
0.0311249956
0.0297452758
0.0309471662
0.0303060098
0.0295725562
0.031011595
0.0308832172
0.0309246248
0.0309564766
0.030777582
0.031360091
0.0332579442
0.0320699624
0.031406335
0.031454744
0.0317471566
0.0309039078
0.032369611
0.0309911714
0.0309841206
0.0315717208
0.0323678798
0.0319287592
0.0298013378
0.0311598218
0.0296376488
0.029723662
0.031191871
0.0308400252
0.0310361176
0.0315288264
0.032392406
0.030537684
0.0313837568
0.031053332
0.0327637064
0.0293590728
0.0301827292
0.0295599682
0.0310685288
0.0315424992
0.0300035062
0.031657219
0.0315858968
0.031225496
0.0315688262
0.0303875436
0.0299202874
0.0303731326
0.0318833476
0.031660132
0.0293784366
0.0306193452
0.0305842736
0.0322045628
0.0310302316
0.0311595582
0.0294169262
0.0316448152
0.0310862724
0.0323391714
0.031267196
0.0309406942
0.030329488
0.0311390286
0.030219202
0.0306143552
0.0314776716
0.0317386746
0.0317962612
0.032743529
0.03280676
0.0315560942
0.0315746994
0.0314039696
0.0303977878
0.0316960752
0.0316337122
0.0306177296
0.0310696542
0.029866145
0.0306181578
0.0304001768
0.0313934464
0.0317579502
0.031632649
0.0308767438
0.0310905302
0.0312904424
0.0316151496
0.0309957468
0.031245672
0.0311623306
0.0318075088
0.032043667
0.031417353
0.0299954994
0.0306424282
0.031519501
0.0319628714
0.0323046676
0.0309842652
0.0311002098
0.0314004856
0.0300385968
0.0316423738
0.0303407942
0.0302069282
0.0290867692
0.030133587
0.0300281156
0.0297233996
0.0305687832
0.030502903
0.030502903