-0.0719971714
-0.07011653
-0.0712119358
-0.0722894824
-0.0716033554
-0.072836066
-0.0709575692
-0.0719448954
-0.072103797
-0.0704281876
-0.0708986624
-0.072925965
-0.0697466644
-0.0712334074
-0.0715032716
-0.0729162466
-0.0723928344
-0.0711614946
-0.0700271994
-0.0704469196
-0.0727813236
-0.0708685318
-0.0710773998
-0.0720444244
-0.0710338312
-0.0712645676
-0.0719059846
-0.0733840442
-0.0716173846
-0.0707823534
-0.0725084962
-0.0705975426
-0.0717872838
-0.0720571848
-0.0721217158
-0.0711745002
-0.0714580028
-0.0722368712
-0.0726216912
-0.0722394652
-0.0706127148
-0.071440029
-0.0704346564
-0.0716957516
-0.0702398844
-0.0723023194
-0.0726536476
-0.0720239248
-0.0714628988
-0.0718534968
-0.0710974516
-0.0733122186
-0.071771203
-0.0710193094
-0.0727422194
-0.0718362554
-0.0722143604
-0.0731282682
-0.0720620338
-0.0715641294
-0.071951718
-0.07204439
-0.0718373302
-0.0721342948
-0.0728589634
-0.0726512442
-0.0730495616
-0.0721498384
-0.073030538
-0.0719792474
-0.073027558
-0.0722444562
-0.0720215256
-0.0729635594
-0.072006648
-0.0714138456
-0.0709067382
-0.0627540382
0.0464250148
0.0225679442
0.1611898326
0.204735566
0.292474446
0.396243808
0.80202993
0.443141536
0.40474945
0.320791502
0.602759042
1.404462122
0.353266384
1.214178422
0.540019462
0.73911911
0.290964912
0.66309451
0.58152976
0.573017382
0.27329878
2.52274504
2.84217626
1.032574498
1.967889548
3.55873454
0.84169636
2.41700616
2.5109634
2.14194558
2.74187812
3.55711528
3.81742772
4.24072482
3.01713406
2.90578658
2.41984012
1.831405732
1.531642792
0.724820682
0.22254054
0.789141862
2.25836288
0.0520045322
1.246707594
2.93935294
1.585818162
4.15907872
3.66706546
4.17757848
4.90539444
5.22762196
4.4832787
4.18037648
4.38636434
3.50003602
3.81094344
3.62525256
4.41460936
2.77118106
3.00713856
2.91221836
3.02210546
2.68241466
1.823432954
2.6925859
1.871041442
3.3843393
2.90218556
3.77294138
3.13374616
4.31187802
3.69178182
6.34061116
4.76815646
5.15868784
6.57200064
4.7736913
4.38147658
4.00526378
3.42556184
5.10963008
3.3547119
4.04960092
3.93047172
1.86961267
3.04918156
2.64759144
4.51841058
2.51920416
4.74370104
4.9058036
5.70520354
5.07206484
6.2113829
7.22794958
5.12548726
7.43127012
7.60631428
2.54416254
6.51537856
4.92325874
3.34778882
5.07692126
2.7686928
2.50310626
4.0885568
-0.0717588584
5.09432022
4.06426544
4.87939584
6.55495516
5.42112968
4.97490176
6.5891094
7.70250368
6.38017206
7.12461006
5.45307878
7.0886817
4.10289636
4.27248428
5.20335702
5.7655224
4.30846044
5.67081226
4.90756472
4.08409374
3.5581504
4.70964388
4.08998412
3.52419146
4.86362248
3.93595706
3.93190052
4.65231688
5.46673692
5.7832572
3.31234246
3.4777232
5.25956216
3.5580092
5.40736522
5.21096042
5.03438538
5.52508934
6.59222592
6.78061868
5.1926749
6.34292704
6.19784404
6.3004098
4.17178616
7.03462442
7.0825301
4.18428024
8.32054128
7.47388704
6.66796922
6.6609305
6.3569358
7.69473942
7.0774867
7.40951414
6.72607024
5.77101684
6.26644926
5.78750772
5.00191642
4.93342068
4.27238056
5.52705482
5.01683614
6.34220462
5.22660538
5.33786344
5.82826426
6.00823964
4.54977706
6.56335046
6.2162353
6.27142458
6.65362692
7.05621438
7.69561132
5.98297878
6.81508148
7.63167912
7.20532214
6.91677098
7.29226866
7.6361257
5.56227692
7.2779038
5.21704676
6.47594658
5.6196445
-0.0732417904
-0.0731717912
-0.0721552704
-0.0717061274
-0.0733971366
-0.0712198966
-0.0800187344
-0.0815005924
-0.0810363612
-0.0829817394
-0.0827340482
-0.0821433912
-0.0803864232
-0.0829544484
-0.0813344344
-0.0815752316
-0.0818600566
-0.0809264678
-0.0814320046
-0.0821565978
-0.0731723032
-0.0730650218
-0.0735119256
-0.0720969948
-0.072920935
-0.0727860428
-0.0720558702
-0.0726430922
-0.0726322454
-0.071608038
-0.0735675088
-0.0705518774
-0.072783911
-0.0703883646
-0.0727666792
-0.0710822744
-0.072837985
-0.0719643208
-0.0715931182
-0.072216962
-0.0721611314
-0.0718078948
-0.0716715188
-0.070822697
-0.0711609768
-0.0726071606
-0.0718432622
-0.0712006874
-0.0717498106
-0.0713439992
-0.0721081366
-0.071971889
-0.0720978766
-0.0723545882
-0.0711247316
-0.0727721648
-0.0721626398
-0.0716646216
-0.0708824896
-0.0718943458
-0.071517364
-0.071517364