-0.053165976
-0.053432683
-0.0537345882
-0.052357904
-0.0536586978
-0.052508047
-0.0548112096
-0.0537842288
-0.0538470912
-0.052701782
-0.0543860514
-0.0543322232
-0.0530277072
-0.053611335
-0.0535867716
-0.0548312654
-0.0538480998
-0.0536750796
-0.0521562592
-0.053262339
-0.053155051
-0.0535862096
-0.0521238826
-0.0512082808
-0.05362478
-0.0529454962
-0.054613209
-0.0527882772
-0.0540116096
-0.0528640224
-0.0531508634
-0.0529887198
-0.0541986854
-0.0527563658
-0.0524873026
-0.0528899334
-0.0545554164
-0.0533330628
-0.054157003
-0.0538966834
-0.053375259
-0.0534602616
-0.0541160092
-0.0531652874
-0.0533116112
-0.0546988518
-0.054225672
-0.0531753784
-0.0537220254
-0.0550098394
-0.054151051
-0.054189253
-0.0548797522
-0.0537173724
-0.0539483304
-0.0537326786
-0.053444907
-0.0537646868
-0.0515435414
-0.0530905694
-0.053413461
-0.0530748762
-0.0513397638
-0.0550141238
-0.0544767826
-0.053586016
-0.0539264134
-0.0545389862
-0.0558523426
-0.0544119624
-0.0530841038
-0.0543917316
-0.0547724158
-0.0544851094
-0.0542368874
-0.0542289292
-0.0548241408
-0.0525564854
-0.0530151444
-0.0521674262
-0.054077904
-0.0531609062
-0.0526241272
-0.0525853818
-0.0509866582
-0.0515079562
-0.053121647
-0.0526951226
-0.0538996204
-0.0519811358
-0.0519811358