-0.0576388988
-0.0574268094
-0.056999399
-0.0575249006
-0.0560848436
-0.0568399192
-0.0570477306
-0.0587894836
-0.0579620302
-0.059364118
-0.0582351518
-0.0569482218
-0.056754322
-0.0585289398
-0.0570061108
-0.0550667462
-0.0581827882
-0.056936297
-0.0572375588
-0.057450921
-0.059379693
-0.0584251306
-0.05716591
-0.0590772786
-0.057650805
-0.0585807976
-0.0583163108
-0.0597893412
-0.0582271494
-0.0588300614
-0.0580525012
-0.0574092438
-0.0575759894
-0.0584592686
-0.058076976
-0.0587643236
-0.0582760228
-0.0575923428
-0.0584314434
-0.060040798
-0.057624586
-0.0584773134
-0.0586996826
-0.0581658926
-0.0587543568
-0.0582121128
-0.057892426
-0.0571885266
-0.057015387
-0.0569346706
-0.0573368266
-0.0576295578
-0.0586728782
-0.0581438646
-0.0586216412
-0.0582542786
-0.0584072206
-0.05817992
-0.058554196
-0.058396437
-0.058266471
-0.0582464494
-0.058375349
-0.0591238638
-0.0570649704
-0.0583563424
-0.0576224056
-0.057553147
-0.0598433292
-0.0585056582
-0.0575650914
-0.0598172748
-0.0601925892
-0.059028999
-0.0593871294
-0.0576463378
-0.0554246268
-0.0576806876
-0.0574841142
-0.0589077688
-0.0587019956
-0.0595275772
-0.0593045346
-0.0595547368
-0.0578694706
-0.0574412202
-0.0586554992
-0.0584404666
-0.0583577534
-0.0577499742
-0.0587092104
-0.0593973574
-0.059444545
-0.0590568188
-0.059218678
-0.0585651142
-0.0576815142
-0.0590471754
-0.0588887748
-0.0581393024
-0.0593069534
-0.058968227
-0.058878522
-0.0593101794
-0.059268586
-0.0574797616
-0.0584875932
-0.05963671
-0.0587898468
-0.059704989
-0.058861205
-0.0593574122
-0.0596488416
-0.0599958922
-0.0590454182
-0.0598206442
-0.0578968726
-0.0591286394
-0.0598258422
-0.0582786626
-0.0590916006
-0.0577723098
-0.0594650698
-0.0583860232
-0.0601361444
-0.0577539772
-0.0585796852
-0.0591743176
-0.0584120688
-0.060381811
-0.0578777472
-0.0586841992
-0.0568772574
-0.0575260496
-0.0564527396
-0.0581704814
-0.0587663644
-0.0585600576
-0.05856263
-0.058934165
-0.0580350994
-0.0577707964
-0.0582172274
-0.0590090802
-0.0584906354
-0.059260592
-0.0594674532
-0.0590010896
-0.060078164
-0.0592639638
-0.058655737
-0.0590524922
-0.0588300222
-0.059829647
-0.0599057218
-0.0604573718
-0.0599410534
-0.0580257958
-0.0585841374
-0.0594886414
-0.0602749154
-0.0602930992
-0.0601551254
-0.0592121188
-0.060066304
-0.0584262988
-0.0593493866
-0.0611945804
-0.0598368416
-0.0607851526
-0.0607316902
-0.0589872778
-0.0589501164
-0.0602380038
-0.0580930158
-0.0581861472
-0.0590634396
-0.0585002952
-0.0599572606
-0.0597843108
-0.0575568428
-0.0591688188
-0.0598099944
-0.0582288432
-0.0577051794
-0.0581369328
-0.058095426
-0.058742165
-0.0596054954
-0.0584967948
-0.0603824024
-0.0594162224
-0.0585137462
-0.0569165454
-0.0584698612
-0.0585052796
-0.0584557978
-0.0583632586
-0.0596183984
-0.0583298092
-0.0583543752
-0.0593069792
-0.0586271982
-0.057810596
-0.058238296
-0.059057734
-0.0583731092
-0.0577254524
-0.058032609
-0.0579494094
-0.0571014846
-0.05864868
-0.057826403
-0.0577095772
-0.0587938644
-0.0579236646
-0.0596217748
-0.0592265378
-0.058202191
-0.057103906
-0.0595924182
-0.0584472792
-0.0584257916
-0.0589665146
-0.057487995
-0.0590459428
-0.0570584338
-0.0579728456
-0.0585714904
-0.057973303
-0.0589243522
-0.058135963
-0.0590424388
-0.0602042012
-0.0586112492
-0.0591320336
-0.0601127222
-0.0596264796
-0.0596671852
-0.0587601354
-0.060808394
-0.0580245398
-0.0581968724
-0.0598626932
-0.0601194582
-0.0592869906
-0.0589769818
-0.0593649616
-0.0585782108
-0.0564582908
-0.0584052924
-0.05779259
-0.057635348
-0.0593425334
-0.0591379916
-0.059620496
-0.0585109694
-0.057861313
-0.05885177
-0.0589923454
-0.0592201112
-0.058837645
-0.0579456804
-0.0603982558
-0.059445569
-0.058620295
-0.0606788308
-0.0589947238
-0.0586873038
-0.0602484772
-0.0583542902
-0.0590813484
-0.059682596
-0.058706414
-0.0590227508
-0.058396208
-0.0576839886
-0.0604485464
-0.058817842
-0.0580490136
-0.0593508426
-0.0577457728
-0.0589420152
-0.0596982872
-0.0594241486
-0.0596090704
-0.0594751416
-0.0573173588
-0.0578664642
-0.058599274
-0.0590684436
-0.058018086
-0.057236387
-0.0591853098
-0.0598756706
-0.0583202786
-0.0593761448
-0.0595041142
-0.0581973942
-0.0587793544
-0.0584242826
-0.0597490066
-0.0589063322
-0.0603465736
-0.0600785014
-0.0578792772
-0.0594458308
-0.0571898798
-0.0592098152
-0.06123763
-0.0594982494
-0.0591763048
-0.0582247322
-0.0600600728
-0.060519523
-0.0603869956
-0.060073096
-0.060031132
-0.0585486352
-0.0593976778
-0.058427474
-0.0583031214
-0.0607782922
-0.0608880398
-0.059796785
-0.059978816
-0.0593708976
-0.0580674382
-0.0593784764
-0.060244802
-0.0593317188
-0.0607091692
-0.0594040604
-0.0596033302
-0.059444206
-0.0587589996
-0.05850606
-0.0590654438
-0.0591231088
-0.0575775102
-0.059394224
-0.0578700262
-0.0592721944
-0.0592123832
-0.059492782
-0.0597100578
-0.0596777562
-0.0606847044
-0.0590653974
-0.0593134668
-0.0589244048
-0.0597526828
-0.0592791932
-0.0605045888
-0.0599546686
-0.060213116
-0.059500542
-0.0599544186
-0.0591762648
-0.0603052544
-0.0601199256
-0.059663893
-0.060591225
-0.058727896
-0.0601535654
-0.0599747884
-0.0606354062
-0.059054487
-0.0603745874
-0.0592716344
-0.0587456476
-0.0578568898
-0.0585347414
-0.0590729368
-0.0597624978
-0.0597446736
-0.0583653752
-0.058491346
-0.0604244716
-0.0597497472
-0.0589643084
-0.0586887606
-0.058407049
-0.0589519826
-0.0593782448
-0.0592386198
-0.0600180438
-0.05885609
-0.0600324698
-0.0584781122
-0.0585234166
-0.0577549644
-0.0581995256
-0.057506288
-0.0579990118
-0.0587672542
-0.060103271
-0.058828252
-0.059185864
-0.0587878624
-0.057901502
-0.0587604256
-0.0581928274
-0.0578977742
-0.0602836694
-0.05920562
-0.0588103214
-0.0587802976
-0.059750728
-0.0593417474
-0.058729628
-0.0593083242
-0.0586416876
-0.0593216434
-0.0582200888
-0.0573008746
-0.0591534346
-0.0587778042
-0.0596288616
-0.059250369
-0.0589689116
-0.0581028112
-0.0581669534
-0.0589389098
-0.05763801
-0.0596046936
-0.059055144
-0.0600568496
-0.0575988602
-0.0594017156
-0.0584007186
-0.059541907
-0.058813828
-0.0604945506
-0.0590061244
-0.0600920996
-0.0602633692
-0.059638569
-0.0610648568
-0.0598278682
-0.0590196604
-0.0596493664
-0.0583038726
-0.0579082734
-0.0585585662
-0.0589545004
-0.0581483834
-0.058752283
-0.0590942092
-0.0583282916
-0.0579945512
-0.0575745216
-0.0587283548
-0.0577836282
-0.0587042058
-0.058646773
-0.0588528358
-0.0593655578
-0.0587646842
-0.059552164
-0.0576300754
-0.058785383
-0.0589170014
-0.0585393466
-0.0587605046
-0.059166058
-0.0591500166
-0.0603486548
-0.057153599
-0.058778669
-0.060147071
-0.0583854802
-0.056889806
-0.058173431
-0.0596229326
-0.0591661528
-0.058648988
-0.0604599982
-0.0584223078
-0.0604208208
-0.0608373894
-0.0594541622
-0.059676671
-0.0597546704
-0.0581470878
-0.0583625586
-0.0575840574
-0.0593753278
-0.0570868028
-0.0580195078
-0.0584394868
-0.0591002994
-0.0595846808
-0.0573623424
-0.057990272
-0.0585297982
-0.0591258732
-0.0568748448
-0.0587858408
-0.0587033146
-0.058520456
-0.0585823258
-0.0592649272
-0.0581191894
-0.0575379076
-0.058210938
-0.0589183414
-0.0584781764
-0.0584831432
-0.0593726304
-0.0570527782
-0.0583491756
-0.0581507544
-0.0602489676
-0.05918019
-0.0599904116
-0.059632716
-0.0576222274
-0.0591135842
-0.0599346954
-0.0588908174
-0.0593867314
-0.0581856688
-0.0577245652
-0.0595554198
-0.0593867418
-0.06059992
-0.0605807526
-0.0614395386
-0.0588655744
-0.058613552
-0.0581599946
-0.0596692366
-0.0584294562
-0.0599555686
-0.060120645
-0.0602623582
-0.0577508624
-0.059759939
-0.0579913308
-0.0595452212
-0.0599093714
-0.0583233834
-0.0595520962
-0.0602836852
-0.059619371
-0.059122442
-0.0588108128
-0.0591600716
-0.0598645314
-0.0601741154
-0.0604192708
-0.059880136
-0.0585794358
-0.0591660096
-0.0587227348
-0.0584776312
-0.0585098742
-0.0574576796
-0.0588066322
-0.058379365
-0.0601451788
-0.058990501
-0.0615920148
-0.0618105262
-0.0593714094
-0.0595404362
-0.0592696972
-0.0597515786
-0.060097489
-0.059676583
-0.0593248752
-0.0593546136
-0.0604880202
-0.0598549024
-0.0584858494
-0.0605255644
-0.061171058
-0.0595632254
-0.0602427494
-0.0594645644
-0.0604508646
-0.0599346738
-0.0600889406
-0.0596362146
-0.0587794384
-0.0589638196
-0.05983483
-0.0604009608
-0.0589545078
-0.0590529256
-0.0595673604
-0.0595345086
-0.060053692
-0.0600721818
-0.0591958956
-0.0599159046
-0.0592762252
-0.0582250836
-0.058732825
-0.0598161844
-0.0592468856
-0.0608844584
-0.0589206824
-0.058854491
-0.0594977274
-0.0592461684
-0.0602597868
-0.059316304
-0.0601272524
-0.0600189526
-0.05963799
-0.0583566238
-0.0591604274
-0.0588430782
-0.0602982658
-0.0591723804
-0.0602447542
-0.0581265376
-0.0581502972
-0.0588351466
-0.060752015
-0.0599322498
-0.0588889608
-0.0601949458
-0.0590519854
-0.0595044172
-0.0602555636
-0.0593687992
-0.0587765252
-0.0576415934
-0.0592963906
-0.0589741316
-0.0596745732
-0.0588841706
-0.0591553984
-0.0570436792
-0.0578624668
-0.057385566
-0.0600862022
-0.0585812814
-0.0573433636
-0.0583779672
-0.0594137282
-0.059510325
-0.0592582962
-0.059378792
-0.0582883104
-0.059321356
-0.0587909302
-0.0604242404
-0.0583270204
-0.0589662696
-0.0597588616
-0.0592819368
-0.059225572
-0.059560109
-0.0602013694
-0.0599663582
-0.0593548436
-0.0596023892
-0.0584669072
-0.0582049864
-0.0591631842
-0.0598256394
-0.060499983
-0.0592094634
-0.0597877868
-0.0594402102
-0.0586723342
-0.0596801018
-0.0603622782
-0.059786453
-0.0585365004
-0.05905551
-0.060145921
-0.0597286628
-0.05909845
-0.0593976902
-0.0589846016
-0.0596068792
-0.0605841402
-0.0599819188
-0.059682948
-0.0593087446
-0.0609063872
-0.0597471502
-0.0593949606
-0.0601149712
-0.0590318118
-0.0595067998
-0.0593642604
-0.0612185326
-0.0585023604
-0.0589884582
-0.0589479014
-0.0600411154
-0.0600411154