0.02367294
0.0245261306
0.024287931
0.0243227336
0.0254406208
0.0249074452
0.0245941272
0.025950241
0.0241415022
0.025056449
0.0257500518
0.0248713078
0.0245568966
0.0247902598
0.0234410332
0.024868332
0.023861316
0.024539068
0.0248532992
0.0240783992
0.0262174114
0.0235752482
0.0233558332
0.0240222852
0.0232350808
0.0235029572
0.0240290932
0.0239511816
0.024058181
0.0247037376
0.0239770824
0.0241786906
0.0254171472
0.0229419896
0.0234618342
0.0230294786
0.0247987258
0.0235626936
0.0252061566
0.0249160244
0.0246690038
0.0257409668
0.0251447214
0.0242117692
0.0241960756
0.0240392518
0.024968449
0.0229581488
0.0230337896
0.0236677524
0.0233895844
0.0240798526
0.0254712254
0.0243164932
0.0238939626
0.0237348214
0.024952317
0.0252900506
0.0237036704
0.0236531428
0.024910107
0.0243401892
0.0237138002
0.0236886142
0.0262130638
0.0244174592
0.0232274542
0.0252881612
0.023808288
0.0232758844
0.024614894
0.0235869704
0.024351234
0.0254796866
0.025479569
0.0244723152
0.0253561298
0.0260829284
0.0240681284
0.024740281
0.0242127216
0.022417265
0.0239309254
0.0244240088
0.0250198886
0.0236914098
0.0237302274
0.0241655996
0.0249010534
0.024884316
0.0246338488
0.0226682736
0.0239695712
0.0240453262
0.0224189586
0.0240093272
0.022341252
0.0237588286
0.022834465
0.0246451444
0.0233792338
0.0243133016
0.0248806688
0.0251654576
0.0255811474
0.023256517
0.0239242726
0.0245673094
0.0233552658
0.0237854048
0.0242233904
0.024340378
0.0241936792
0.0242215798
0.0229651042
0.024485411
0.0250403552
0.0242446988
0.0247787438
0.0249755538
0.025159488
0.024773212
0.022866162
0.0237683812
0.0238730434
0.02430274
0.0253418306
0.024842506
0.0252643102
0.024870309
0.0231726276
0.023909692
0.02524611
0.0223081652
0.0235659476
0.0236434076
0.0238976346
0.0247642194
0.0247989156
0.023332278
0.0245382456
0.0246470984
0.0232058446
0.0236378858
0.0224809768
0.0234947434
0.0242778996
0.0241459828
0.024692921
0.0235534872
0.0235202854
0.0248786874
0.0239621276
0.023439202
0.023578057
0.0251438176
0.0242598864
0.0244510514
0.024394218
0.0229940094
0.023681509
0.0235369874
0.0245129358
0.0238001534
0.025776354
0.0238726378
0.0235161456
0.024785358
0.0250940988
0.0246504834
0.0234626246
0.0216342648
0.0240342642
0.0242640014
0.0231348672
0.0234456858
0.0237975328
0.0250917154
0.0252152386
0.0239190556
0.0249570916
0.0249426442
0.0237135546
0.0234359318
0.024048397
0.0241526884
0.0247965234
0.0258230094
0.0230903328
0.0236672446
0.0250669228
0.0234806988
0.0230486562
0.023250895
0.025089237
0.0236443608
0.0238158942
0.0241791076
0.0250620348
0.0226546448
0.022749938
0.023299711
0.0248087656
0.0231421512
0.0243555204
0.0248289584
0.023851891
0.0246201296
0.0241737288
0.0243005972
0.0239219936
0.023937572
0.0238143742
0.0235587112
0.0243791312
0.022885716
0.0243846096
0.0243975634
0.024432951
0.022521448
0.023605398
0.025280337
0.02377004
0.0240416066
0.0244187318
0.0253497086
0.0247361762
0.023477989
0.0250368792
0.0226988522
0.0250309044
0.023088808
0.0222888552
0.0232222352
0.0237623812
0.0249901948
0.0237079298
0.0235096206
0.0257242102
0.0237598062
0.0247783218
0.0242588496
0.0237766
0.0252397182
0.0253900028
0.0225275774
0.0260761024
0.025377416
0.024621135
0.0252241736
0.0251482506
0.0268032054
0.0241145186
0.0256233682
0.0253956868
0.0256122848
0.0261814908
0.0247443318
0.0247102088
0.0234209782
0.0230186452
0.0227438148
0.0237950424
0.0247476536
0.0237248188
0.025133342
0.0245199348
0.0259236082
0.0247124308
0.0272267082
0.025794629
0.0243790386
0.0250188654
0.0242841684
0.0239482054
0.0240870852
0.0244623944
0.02579695
0.0262932312
0.0252473436
0.0241312494
0.0247941318
0.025529852
0.0239977392
0.024782915
0.0230586782
0.0238537902
0.023588435
0.0255706562
0.024216491
0.0243141112
0.0244188092
0.025598676
0.0233424206
0.0243414328
0.0249971958
0.024544357
0.0255153568
0.0246349662
0.0258213602
0.024360336
0.0246460374
0.0254710786
0.0258819462
0.0270091458
0.0237014062
0.023686601
0.025123661
0.0248600802
0.0233713734
0.0245678082
0.0248465406
0.0244531722
0.0253385154
0.0253007624
0.0258155226
0.0248080506
0.0232304772
0.0238114026
0.0239454064
0.0233702544
0.0241224836
0.0237041936
0.023436724
0.0235340882
0.024570651
0.0243692562
0.0240010284
0.0240667292
0.022989703
0.0241740674
0.0245420014
0.0220284622
0.0238628564
0.0236899882
0.0232606126
0.0231436132
0.0225617302
0.0235742066
0.0217941636
0.0235499334
0.0228891142
0.022735901
0.0223393468
0.0233646418
0.0240694298
0.0227548012
0.0238241784
0.0244230932
0.0236457948
0.0245819144
0.0227656404
0.0238463184
0.0247722264
0.0249906192
0.0250379082
0.0243411892
0.0244101636
0.025451969
0.0238218826
0.022607431
0.0243400052
0.0247050056
0.0249219936
0.0234383616
0.0240645438
0.023854414
0.0229255522
0.0245976734
0.0241391432
0.023632951
0.0241954236
0.0237946584
0.0236289328
0.0233899812
0.0237864086
0.0253030342
0.0247207854
0.0256813326
0.024332237
0.0241958722
0.024080842
0.0239905306
0.0226469666
0.024386421
0.0242790114
0.0242271712
0.0216000686
0.0241083144
0.0235934272
0.024096519
0.0230594656
0.0235360824
0.0240010728
0.0237166106
0.0240552246
0.024908184
0.0240916464
0.0237555006
0.023704065
0.022998443
0.0239939378
0.0219776568
0.0223919616
0.0231301556
0.0226711832
0.0236034826
0.0246903796
0.0226502322
0.0223515728
0.0232503524
0.0234319984
0.0227639574
0.0239445132
0.0236697958
0.0231308098
0.023881342
0.0243305142
0.024674685
0.0234050198
0.0240349244
0.023350253
0.0240235606
0.0236672408
0.0246358348
0.0239874032
0.0238108932
0.0236933054
0.0241695148
0.0237688846
0.022714685
0.0236475198
0.023226074
0.023347554
0.0221470616
0.023544137
0.0215303406
0.0231843444
0.0231249346
0.0220763164
0.0232038532
0.0215515
0.0221475884
0.0220602536
0.0232897896
0.0213939248
0.021892082
0.0225756084
0.0215618864
0.0222918766
0.0231078146
0.023045086
0.0224207208
0.0229319164
0.0238252716
0.0231737934
0.0234497684
0.0244486138
0.0236716024
0.0238122308
0.0245815678
0.0244847782
0.0236102884
0.02395984
0.0245342746
0.0255105022
0.0242794208
0.02431855
0.0247787694
0.0246677514
0.0220910458
0.024334682
0.0234713204
0.0228208966
0.023666045
0.0227237862
0.0229604374
0.0230602144
0.0221265916
0.024124354
0.02377958
0.0236273374
0.0242534192
0.0234542658
0.0234134044
0.0244896138
0.0219812466
0.0218501678
0.0234992786
0.0240529562
0.0237772666
0.025335237
0.0219080774
0.0252317008
0.0234188244
0.0245266926
0.0237491776
0.0253861688
0.0246686726
0.0237060046
0.0233692204
0.024992094
0.0238887382
0.0241643316
0.0238178438
0.0247178584
0.0235688056
0.023498062
0.0233016272
0.0228635226
0.023130648
0.0244307816
0.0246367746
0.0235864448
0.0242620014
0.0236553298
0.0231639332
0.0233667886
0.0241225306
0.023699646
0.021478869
0.0235403714
0.023883126
0.0238591006
0.024457124
0.0243070406
0.0244700586
0.0250879948
0.0235849194
0.0231474766
0.022936919
0.0242772476
0.024021862
0.0237244522
0.0236134212
0.024522504
0.024513732
0.0239991916
0.0235415554
0.0241717178
0.0235070546
0.0231262304
0.0239673912
0.024495056
0.0234699138
0.0242511096
0.0243076898
0.0248304252
0.0236510276
0.025064921
0.0251507174
0.0251377154
0.0244197886
0.0253121878
0.0236565676
0.0258357346
0.0240731596
0.0249737668
0.0238223356
0.0236985088
0.0236046754
0.0237071802
0.0242569668
0.023951109
0.0225518384
0.022834888
0.0238523142
0.0239810594
0.0243241946
0.024786408
0.024162003
0.023864535
0.0235181546
0.0227094028
0.0239880798
0.0233595116
0.0247017178
0.0245104438
0.0247592824
0.0244154886
0.0251525922
0.0252890038
0.0250111068
0.0245692822
0.0266221404
0.0260256338
0.0250301292
0.024160238
0.0236798558
0.0236021266
0.0243225926
0.0241480662
0.0245440516
0.025075936
0.0239352266
0.0239629628
0.023639159
0.0229217566
0.0245670076
0.023626235
0.023780283
0.0251744488
0.0238588746
0.0231863724
0.0231364148
0.024673429
0.0245828794
0.0248714992
0.0242656352
0.0240024976
0.0237223856
0.0227661396
0.0228227946
0.0243841656
0.0228118762
0.0234462134
0.023559099
0.023619924
0.0252425114
0.0245747654
0.0238986606
0.0226236368
0.0256576286
0.0242131198
0.0240913658
0.0233007262
0.0246253868
0.0242508874
0.0245688896
0.02355497
0.0243636224
0.0253680088
0.0247398138
0.022888332
0.0246205984
0.024892293
0.0236492378
0.0251444702
0.0247256014
0.0226016742
0.0251220772
0.0254941562
0.0247255128
0.0262704888
0.0236239452
0.024782802
0.0247199296
0.0243904626
0.0235310498
0.0243448242
0.0244799468
0.0240546916
0.0226370884
0.0232648548
0.0228486846
0.0239303752
0.024622402
0.023406857
0.0239259586
0.024432161
0.0212484966
0.0232955596
0.0236365022
0.0234140042
0.0237293662
0.0237351532
0.023382874
0.0231212584
0.0233204116
0.0221461754
0.0228687398
0.0250283392
0.0232355634
0.023625581
0.0234153566
0.0225018008
0.025447814
0.022409487
0.0232053364
0.0228309308
0.0238509206
0.023678332
0.0234710216
0.0220508012
0.0241277852
0.0226313782
0.0249905914
0.0220435448
0.0223888276
0.0230801746
0.023189595
0.0231693796
0.0236488954
0.0241391648
0.0245386592
0.0224503314
0.0227028296
0.0214283386
0.0241578318
0.0234768814
0.0229133372
0.0216894884
0.0244237456
0.0227764644
0.0222286878
0.023031243
0.021944629
0.0220051648
0.0228870052
0.0225655356
0.0238255482
0.0234510528
0.0230174206
0.0233552404
0.0218609374
0.0235175506
0.0237237998
0.0231316348
0.0233732212
0.0209755662
0.0241289518
0.023582643
0.02302676
0.0231283116
0.0223792266
0.0239120708
0.0218758132
0.0234469142
0.0237340832
0.0235193566
0.0234643742
0.0238315652
0.0219852962
0.0235392572
0.0228199742
0.023187252
0.0228260064
0.023729334
0.0239385328
0.0231498958
0.022489909
0.0228486496
0.0237132238
0.0228188264
0.0236920944
0.023354756
0.0233184738
0.0232325822
0.0230288692
0.0235192008
0.0229364248
0.023448925
0.0230704404
0.0248723512
0.0233217176
0.0235167814
0.0238735914
0.0246822604
0.0232996618
0.0229527418
0.024187502
0.0234258524
0.0223200094
0.023204371
0.0219358708
0.0224062144
0.024248419
0.0232917764
0.0224604608
0.0230198046
0.023240665
0.023996274
0.0239045834
0.0220454052
0.0243189826
0.0236506966
0.022930726
0.0231674592
0.0252360754
0.0235302452
0.0237739974
0.0253676596
0.0241645464
0.0243211482
0.0232310518
0.02434378
0.0254452908
0.0232350448
0.0242413272
0.0242839022
0.0232393654
0.0236494112
0.0224140588
0.023583789
0.0228827514
0.0243839804
0.0222106158
0.023851544
0.0249313908
0.0238692018
0.0242910602
0.0239659134
0.024191667
0.0235886356
0.0248848994
0.0228614904
0.0233327214
0.0247797554
0.0241588878
0.023863379
0.0226530906
0.0218767324
0.0249053572
0.0225834276
0.0235218006
0.0232847874
0.023422629
0.0230096156
0.023055301
0.0227207566
0.0236534328
0.0227179952
0.023914565
0.0225058766
0.0235469998
0.0238145922
0.0233898766
0.0217123924
0.0232770192
0.0223017714
0.0239767762
0.0233066974
0.0228569018
0.0229628306
0.0230787214
0.0212893126
0.0233746888
0.0234443226
0.0229628844
0.0227587862
0.0236971346
0.0231995306
0.0236964136
0.0236553868
0.024096119
0.0231336792
0.0233894896
0.0229286028
0.0220426322
0.0230589378
0.0236719712
0.0234491434
0.0239870644
0.0230291268
0.0224984726
0.0216637712
0.0245730982
0.024447602
0.0245378596
0.0226113192
0.0229828514
0.023476135
0.0238767658
0.0233384462
0.0254383526
0.0230707054
0.0235371498
0.023524351
0.0223849066
0.0227509382
0.0229236178
0.0226811956
0.0238941542
0.023406894
0.0240897298
0.0237319384
0.0242462564
0.0246067196
0.0235306906
0.0238909178
0.023739967
0.0238929136
0.023580512
0.0227762584
0.0235158502
0.0252235394
0.0234617612
0.0219352312
0.0245939234
0.0237719894
0.0232009198
0.0240796742
0.0232151382
0.022735157
0.023802018
0.0220301754
0.0233721578
0.0224911478
0.0229353192
0.0233719386
0.0215559952
0.0243669094
0.023558754
0.0239585456
0.0239937896
0.0243276602
0.0248318542
0.0238794796
0.0248481794
0.026048637
0.0245152376
0.0232455594
0.0243233648
0.0236956938
0.0227579838
0.0242716476
0.0239194688
0.0248045848
0.0236818204
0.0234920648
0.0231127714
0.022942285
0.0236434496
0.0239890088
0.0241610866
0.0238791058
0.0238378488
0.0252620478
0.0238714308
0.0242895348
0.0240380826
0.0235265672
0.0225126808
0.025153313
0.0238513878
0.0233800306
0.023847913
0.023841595
0.023360857
0.023890799
0.0240652158
0.0235147954
0.0235542016
0.0232204856
0.0232157248
0.0221316228
0.0244547666
0.023731921
0.0240616388
0.0227576278
0.0240962524
0.0251672554
0.0234233542
0.0230722234
0.0225027494
0.0231109618
0.0230305956
0.0243679122
0.0226156094
0.0228949462
0.0215822448
0.0244103094
0.0238611196
0.0224838592
0.022739653
0.023916835
0.0248822558
0.0239654738
0.0230135244
0.0234933814
0.0234832122
0.022148385
0.0232567128
0.0231559552
0.023416511
0.0236319306
0.0236884896
0.0230656694
0.0235760576
0.0235478956
0.0248210104
0.0220515338
0.023557797
0.02242769
0.023983653
0.0226774842
0.0225585068
0.0232448182
0.0224968854
0.0219835596
0.022767345
0.0225460464
0.023480279
0.023947778
0.0227781208
0.0226748786
0.0233588546
0.0247026636
0.0238793322
0.0232335288
0.0218342388
0.023085893
0.0235243506
0.0225390338
0.0220747578
0.0232444374
0.022817896
0.0232568454
0.0237112626
0.0231063662
0.0229133814
0.022718339
0.0223580062
0.0238328594
0.0220108952
0.0240450012
0.022643994
0.0222524734
0.0241497012
0.023347187
0.0232576446
0.0234537534
0.0241444238
0.0226921888
0.0244179892
0.0225680912
0.0241263572
0.0239111942
0.023996263
0.024276051
0.0246555972
0.0233884642
0.0238533578
0.0243287298
0.0240915512
0.023006488
0.0228512782
0.022673518
0.0229465756
0.024184498
0.0241038726
0.0239789576
0.0223174032
0.021514199
0.0224097204
0.0232013854
0.0218961004
0.0235201748
0.0223859754
0.0234447524
0.023188272
0.0243121714
0.024595784
0.02238142
0.02218958
0.0220645842
0.022783361
0.024261564
0.023028215
0.0232819298
0.0231744644
0.023041283
0.0233517478
0.0238629526
0.0229755188
0.0243603954
0.0232936146
0.0230005704
0.023938921
0.0248240384
0.0245858972
0.0220595588
0.0243569602
0.0230921244
0.0239651072
0.0232516216
0.023290111
0.0226761122
0.0229003678
0.0225620854
0.0231572544
0.022866688
0.021861137
0.0225845818
0.0221595944
0.0221162422
0.0218561824
0.0221313962
0.0230543518
0.0240163596
0.0231322994
0.0224384374
0.023504253
0.0228408386
0.0233876598
0.0238655962
0.024636253
0.0218968546
0.0240076568
0.0248962498
0.023533836
0.0233640894
0.0240558988
0.0236977796
0.023893342
0.023442083
0.022613308
0.0214437524
0.0221949844
0.0234256174
0.0216559938
0.0240028042
0.0227643762
0.0221917422
0.0227846904
0.022742906
0.023431797
0.022956371
0.023420112
0.023774502
0.0238280468
0.0230634588
0.0230913094
0.024093685
0.0228657186
0.0243779548
0.0236087756
0.025237605
0.0233598686
0.0239919278
0.0241813204
0.0242909792
0.0236200704
0.0240313942
0.0261825936
0.0238589786
0.0239155074
0.023237602
0.0239804378
0.0229884324
0.0231071592
0.0235449696
0.0244810452
0.02475723
0.025525396
0.0254983622
0.0243698224
0.024556731
0.024561747
0.024834784
0.0242425636
0.0226028008
0.024269993
0.0232471208
0.0232063042
0.0242411248
0.0237427742
0.0240620852
0.0261808518
0.0234105816
0.0239734714
0.0241490854
0.0236708236
0.0233756258
0.024499761
0.0248033418
0.0235240792
0.0240893206
0.0234326462
0.0230750818
0.0246325098
0.0242171448
0.0255814756
0.024434827
0.0241800286
0.0236322718
0.022564138
0.0238778154
0.0213881728
0.0236905024
0.0233094348
0.023144414
0.0237965054
0.0223234642
0.0228858472
0.0233169334
0.023307475
0.0248451164
0.023796426
0.0255896328
0.0259228464
0.0241333872
0.0234797158
0.023586546
0.0241259428
0.0243496224
0.0235049656
0.022707719
0.023438454
0.0235349054
0.023068781
0.0232700632
0.0239179974
0.0249067146
0.0227783516
0.0224333474
0.0246896582
0.021821006
0.0239277348
0.0246085954
0.0221194746
0.0229935164
0.0248888342
0.0237686348
0.0249884726
0.0222364752
0.0239567244
0.0235052836
0.0242027148
0.025152008
0.0235782944
0.024566447
0.0218276836
0.0240264042
0.0233833542
0.0243979598
0.0246612122
0.025082436
0.0251594686
0.0242601406
0.024788518
0.0258024636
0.0231199356
0.024466098
0.0240686762
0.0226279924
0.022987709
0.0248656626
0.0233059688
0.0239503056
0.0237504798
0.0244653218
0.0241880808
0.0241476818
0.0242286408
0.0244054416
0.0235916064
0.02461842
0.0235763188
0.0239067954
0.0252860966
0.0225380274
0.0249291406
0.0235392148
0.02426659
0.0246544518
0.0231538274
0.023835906
0.024843603
0.0254778478
0.0235159662
0.0240190694
0.0232463588
0.0207192368
0.023000716
0.0236825958
0.0231771418
0.022978167
0.0235325528
0.0227553572
0.023056971
0.0246371756
0.0245713726
0.0243469416
0.023914539
0.0229398666
0.0249087374
0.0216417574
0.0239157006
0.0246498724
0.023394059
0.023838079
0.023958719
0.0249108428
0.0237043956
0.0248969702
0.0239904594
0.023174621
0.0230628948
0.0245531746
0.0233704564
0.0243594158
0.0239066764
0.024598564
0.0240524158
0.023280384
0.0256005916
0.0234911894
0.0218880364
0.0240460728
0.0238385168
0.0230661388
0.0240090856
0.02286922
0.0233610016
0.023325297
0.0223668558
0.0226077058
0.0238888488
0.0236389084
0.0222066154
0.0231802132
0.0222481458
0.0227447008
0.0229485378
0.0207447932
0.022747541
0.0223677008
0.0216555774
0.0229509264
0.022004634
0.0222586864
0.0230727348
0.0228659142
0.0231689814
0.023856692
0.024408705
0.022145653
0.024065806
0.0239220298
0.0232512834
0.0226958072
0.0235155882
0.0235399772
0.022897166
0.0227041788
0.0222481662
0.0224315568
0.023169036
0.0229763242
0.0231274498
0.0221174894
0.023955463
0.0230130794
0.0231174546
0.0235984538
0.0230777188
0.0236448734
0.0241745824
0.0243213536
0.0232693866
0.0241443014
0.023854028
0.0232245248
0.0241668932
0.0242336654
0.0249975522
0.0246683218
0.0248273616
0.0244468414
0.0260249298
0.0252542294
0.0234497392
0.0235202822
0.0232872486
0.0236844736
0.0243321286
0.024297281
0.0237804232
0.0238560534
0.023176334
0.0229540874
0.0241641728
0.022472848
0.0230638592
0.0246689312
0.0224125684
0.024401429
0.0230752058
0.0234760442
0.0230348218
0.0248024836
0.0231010858
0.0251954668
0.0242129938
0.0241543044
0.0229352652
0.02425934
0.0236674134
0.0231183516
0.0232384908
0.0230397146
0.0237510878
0.0251508814
0.0235857198
0.024024646
0.0234194288
0.0236544632
0.0228807508
0.0232447598
0.0234245272
0.0242144046
0.0233086714
0.0233151954
0.022767104
0.0220242616
0.024274043
0.0235835102
0.0227033374
0.0226412428
0.02211312
0.0239083806
0.0239446566
0.0228424312
0.0226436968
0.023090939
0.0241653054
0.0254675526
0.0235780462
0.0231857656
0.02219181
0.0234604768
0.0243010624
0.0239914332
0.023596079
0.0234156576
0.023402417
0.0243442246
0.0245342856
0.0234484892
0.0232455724
0.0229418202
0.0234872362
0.0232980086
0.024027914
0.0229630768
0.023537385
0.023656519
0.0251207034
0.0238905688
0.0245878066
0.0243100754
0.02545201
0.024060349
0.0237197718
0.0248447624
0.0238160336
0.0231269324
0.0242309942
0.0241598216
0.023757628
0.0246551418
0.0249196792
0.0233539222
0.0242317684
0.024579691
0.0249768518
0.0230529606
0.023529581
0.0248805742
0.0253949954
0.025436574
0.0246232328
0.0238182274
0.0231253024
0.0258578564
0.0242183702
0.0237920526
0.0252965342
0.0227620072
0.02505594
0.0264546152
0.0257328386
0.0259128358
0.0251498892
0.024810694
0.0241955312
0.0253007744
0.0254049002
0.025633132
0.0246075808
0.0238003302
0.0245799164
0.02503918
0.023740458
0.025163092
0.0246072142
0.0255159256
0.0258656274
0.0248952308
0.0244227218
0.025205645
0.023818549
0.0243373356
0.0246250416
0.0247877602
0.0248936768
0.025132213
0.024191589
0.0239118016
0.0243527478
0.0247295922
0.023890793
0.024607557
0.0234270378
0.0243233172
0.0236292938
0.0235878384
0.0253390536
0.0252008106
0.0251817344
0.0243477114
0.0255177882
0.0226936906
0.0248219742
0.0249350628
0.0264088632
0.0251910572
0.0245631526
0.025565395
0.0251042934
0.0237550562
0.0240433816
0.0244138292
0.0243079532
0.0252016648
0.0249453384
0.0239893724
0.0252722328
0.0246877498
0.0244201268
0.0252222498
0.0243208428
0.0253553322
0.02510014
0.0255064176
0.0255770236
0.0230479244
0.0240446962
0.0250056858
0.0243684538
0.0244885552
0.0232098524
0.0242943514
0.0246185478
0.023474804
0.0238271966
0.0250850308
0.023490511
0.0262494388
0.0241571578
0.0240866632
0.0243820278
0.025965484
0.0247037244
0.0255004534
0.0246843706
0.0254551834
0.0227998922
0.023783189
0.0246231742
0.0248995918
0.0244072686
0.0225060936
0.0241221438
0.0253181218
0.0244761018
0.023774207
0.0233450522
0.024463311
0.025453324
0.0247772868
0.0248929854
0.024477274
0.0244181838
0.0250647928
0.025846598
0.0240959734
0.0234114804
0.0239473096
0.0250161766
0.0263617314
0.025578874
0.0260659102
0.0255899942
0.0263001936
0.0254888838
0.024765124
0.0257768152
0.0243784902
0.026032897
0.0249209736
0.0254677436
0.026604117
0.0249139704
0.0253629032
0.0256205028
0.0260799594
0.0254657426
0.0247217228
0.0264796934
0.0245048368
0.0270047412
0.0249685792
0.0253135402
0.0253275714
0.0252972862
0.0254587062
0.0234640006
0.0246143462
0.0252047256
0.0251225644
0.024858168
0.0235108296
0.025461521
0.0251781842
0.024630386
0.0255854892
0.0227579134
0.0242682232
0.0238379042
0.0248994602
0.024276099
0.0239969546
0.0246019708
0.0238755894
0.0247995746
0.024500935
0.024523283
0.0258298282
0.0259013962
0.0257812634
0.0243258896
0.0255050488
0.02366993
0.0245083598
0.0244351308
0.0254949366
0.0248249898
0.0240559978
0.0238922094
0.0241586198
0.0240265778
0.0234946506
0.0251759254
0.0245368146
0.02437882
0.0223184678
0.0241425726
0.023696156
0.0237478504
0.0241924728
0.025515867
0.0253874008
0.0251395476
0.024364505
0.025120633
0.0251885554
0.024162438
0.0259075642
0.0247770162
0.0256291054
0.0242343502
0.025132544
0.0253196628
0.0244835
0.0251581908
0.0243746648
0.0252386774
0.0251211756
0.0251174504
0.024758024
0.024495346
0.0255621222
0.025918303
0.0253528768
0.0243397084
0.025116971
0.0244510778
0.025818047
0.0246599442
0.0250424016
0.0266876284
0.0246206176
0.0250949116
0.02479555
0.0254698998
0.025440198
0.0249438462
0.0255034936
0.025207107
0.0237799644
0.0240187928
0.0235245714
0.024790936
0.0252478666
0.0256712966
0.0252629218
0.024411517
0.0242382788
0.0240772448
0.0233909882
0.0232312384
0.0257114902
0.025990593
0.025324809
0.0249894196
0.0260979044
0.0226789002
0.0255530832
0.0246807032
0.0248615692
0.0252852476
0.0248159742
0.0232239684
0.0250513572
0.0252535748
0.025187838
0.024794497
0.0253290336
0.0261351274
0.0232585792
0.0233263946
0.025585991
0.024854342
0.0242242828
0.0256600214
0.0248558876
0.0250861292
0.023823417
0.0249713734
0.024518407
0.0241066174
0.0254512668
0.0256805704
0.0246825658
0.024219076
0.0240871778
0.0236637532
0.0241613396
0.0243175836
0.022881876
0.0243141124
0.0236319334
0.024771755
0.0251985488
0.0243117142
0.0254419348
0.0240360618
0.0248597772
0.0240911606
0.025926687
0.0241847572
0.0251039934
0.0246915338
0.024147405
0.0253726722
0.0253791186
0.0272430458
0.025146243
0.0258856914
0.0272151562
0.025264074
0.025548479
0.0256833622
0.0258439006
0.0235588138
0.0247566708
0.0251080246
0.025256221
0.024773768
0.0238252036
0.0244785872
0.023963838
0.0224048696
0.0229913816
0.0248956764
0.0241399552
0.0243572622
0.0239880036
0.0237902772
0.023196552
0.0235521436
0.0232412948
0.023864161
0.0238251612
0.0234132966
0.0238216458
0.0241121898
0.0246722728
0.024530895
0.0234043138
0.02529151
0.0247939712
0.023293054
0.022866892
0.0251258084
0.0240498392
0.024396114
0.024542398
0.0231352546
0.0239726912
0.0243234558
0.0234165648
0.0240624084
0.024100541
0.024987111
0.0249582318
0.0247494488
0.0240136348
0.0234090368
0.0237430728
0.0235786322
0.0241274882
0.0236254156
0.0239605672
0.0236151622
0.0238669022
0.0227088512
0.025365747
0.025530329
0.024381623
0.0250722192
0.0237465146
0.0244007796
0.0248339418
0.0230964678
0.0247067232
0.0239682234
0.0236352202
0.0238870776
0.0234244206
0.023436203
0.0253307838
0.0242497634
0.0241443252
0.0240356538
0.0236740364
0.0250191452
0.0233914768
0.0248126536
0.0245039786
0.024764854
0.0233887326
0.0244006684
0.0244492228
0.0236159622
0.023923176
0.0237650314
0.0236882876
0.0231701014
0.023305336
0.0242064746
0.0243941278
0.0251330436
0.0253685556
0.0247840332
0.0239698676
0.0225749712
0.0245352396
0.0238914572
0.024046143
0.0244620746
0.0243078728
0.024346142
0.0261589624
0.0242282004
0.0234785872
0.0237102838
0.0243989054
0.023776767
0.0247338796
0.025017797
0.0245755622
0.0234080694
0.021653977
0.022915309
0.0242341456
0.0240883194
0.0248364178
0.0234242486
0.0247549744
0.0242061752
0.0242408894
0.0249328556
0.0252418528
0.0251899564
0.0226773008
0.024652809
0.024251132
0.0247328992
0.0251378096
0.0246810476
0.0262415114
0.0254355144
0.0244514866
0.025665363
0.0245102908
0.0239785764
0.024661361
0.0245480144
0.0228384074
0.0246986398
0.0249787482
0.024392185
0.0234462684
0.023964339
0.0235401726
0.0245370202
0.025088768
0.023244605
0.024453863
0.0252702838
0.0248132372
0.0242482752
0.0232232114
0.0246006444
0.0235909526
0.0221525934
0.023337325
0.0231257874
0.0243823772
0.0241359702
0.0241206142
0.0256570748
0.0250338186
0.0245317752
0.0258111976
0.0244253346
0.0246549098
0.023396452
0.0244395078
0.0238612902
0.0240684832
0.025411243
0.0239585996
0.0239599804
0.0235807866
0.0251336988
0.0250129106
0.0236432634
0.0242096434
0.0249588526
0.0242590772
0.0252560782
0.0241661402
0.0252329514
0.0260033038
0.0236591162
0.0248878314
0.0239249378
0.0242073216
0.0244280878
0.023778927
0.0248740212
0.0242644428
0.0247869108
0.0244149372
0.0238202388
0.02503605
0.0248630592
0.0244419756
0.0250694432
0.0248830564
0.0248231642
0.0248978082
0.0247915088
0.0234020726
0.0237538142
0.024425668
0.0231563596
0.0246387946
0.0240140902
0.0242696964
0.0229441544
0.0237470208
0.0223924012
0.022950614
0.0224166786
0.024205677
0.0233867714
0.0223209446
0.0242825758
0.023545048
0.0228719308
0.0214644036
0.0223625794
0.0212670378
0.022273483
0.0234152662
0.024847121
0.024263798
0.0240958908
0.0244524012
0.0229319076
0.0238475218
0.0236591992
0.024743553
0.02296995
0.0214580524
0.0226678092
0.0231701026
0.0225468512
0.022792834
0.0216886532
0.0234411408
0.023274521
0.0238455488
0.0217120958
0.022873217
0.024392795
0.0236857668
0.0221882068
0.024139273
0.02393645
0.0248154434
0.0223511178
0.0240302606
0.0242498624
0.0255212252
0.0238591676
0.0228302982
0.023922326
0.0230045918
0.0224493796
0.0229470012
0.0209290468
0.0222731004
0.0226088836
0.0224878046
0.0228715824
0.0242234008
0.0227563044
0.0235173348
0.022513503
0.0229681248
0.021676437
0.0215641342
0.022965528
0.0228241936
0.022168387
0.022137821
0.022143157
0.0220722094
0.022662917
0.0222297916
0.0231385874
0.0239898526
0.023405284
0.0215964268
0.0238088322
0.0236346988
0.0229123506
0.0237568658
0.0231708768
0.0221074346
0.0239778188
0.02559343
0.023660662
0.0245686382
0.023658938
0.0231420778
0.023756468
0.0240316786
0.0238434364
0.0246814944
0.0240321426
0.0229136978
0.0228786982
0.0235225014
0.0239479044
0.0247066608
0.0230539256
0.0245401568
0.0267745358
0.0247601312
0.0241771396
0.0245282646
0.0241271088
0.0239110636
0.0235146692
0.0219527712
0.0226145574
0.0235366362
0.0224089234
0.0225425442
0.02310168
0.0234616856
0.0226894056
0.0228451074
0.0228703436
0.0227520192
0.0230180252
0.023021025
0.0235817828
0.0238833108
0.0240330762
0.023110213
0.0247604328
0.0233649118
0.0231488224
0.0223572982
0.0214892536
0.0227202606
0.0240583
0.0245201564
0.0240748596
0.0230302098
0.0232516474
0.0234033164
0.0216106352
0.0222452508
0.0228686846
0.0239330174
0.021901255
0.0231387052
0.0243103456
0.0241194372
0.0239493654
0.0255734616
0.0235848482
0.0242522038
0.0229451144
0.022308868
0.0238794774
0.0231398002
0.0243285972
0.0242898246
0.0233839622
0.0229585774
0.0224841552
0.0237361896
0.0232943178
0.0241380816
0.0225302816
0.0243863248
0.0243454442
0.0241030538
0.024056502
0.0250543048
0.0229842914
0.0239294254
0.0251474974
0.0240208388
0.0231875354
0.0237535074
0.023119614
0.0234481484
0.024409462
0.0241932064
0.024556669
0.0243778682
0.0242012768
0.0248409414
0.0255886224
0.0246463104
0.0255210786
0.0236859326
0.023713465
0.025597965
0.0239530356
0.0231826382
0.023634765
0.0242004044
0.0236397304
0.0247095758
0.0242789446
0.0250403518
0.0259605428
0.0256792168
0.0229710124
0.0236870026
0.0243251726
0.0253287672
0.0222832694
0.0225252564
0.0224756238
0.02287992
0.0235876678
0.0230164848
0.023642568
0.0248065402
0.0240262874
0.023796572
0.0231645244
0.0250142394
0.0232170356
0.0225561842
0.0222829866
0.0225870314
0.0241963898
0.0243870548
0.0243315746
0.023981656
0.025107988
0.02364117
0.0252071298
0.0248788962
0.0240362334
0.0230473642
0.0240584534
0.024383568
0.0250071468
0.0238667742
0.024706046
0.0261903586
0.0257889836
0.0261137326
0.0250013146
0.0239574
0.0256066758
0.0249664712
0.0234598998
0.0262940442
0.0257038114
0.0246943974
0.024833959
0.0248217776
0.0245222186
0.0253276804
0.0259960716
0.0266070442
0.024361006
0.0257017702
0.0249965388
0.025225268
0.0260487366
0.024786143
0.024005737
0.0237514116
0.0241774692
0.0244270312
0.0242363022
0.0256438438
0.0247697576
0.024817342
0.0244921258
0.0246080452
0.024281336
0.0242223356
0.025022179
0.026006126
0.0244104348
0.0248972302
0.0251980466
0.0250572294
0.0234290794
0.0229845642
0.025658829
0.025208031
0.0245689962
0.0238475644
0.0244170016
0.0250230452
0.026570564
0.0247374224
0.0251392752
0.0247696732
0.0254568224
0.0255134006
0.0234907626
0.0245218856
0.0246907734
0.0241487378
0.0243627414
0.025771667
0.0229771104
0.02459995
0.024159353
0.0252195802
0.0244332044
0.0245575216
0.025221978
0.0255658492
0.0246363744
0.026070464
0.0253029452
0.024735594
0.0242907196
0.0242142754
0.0241152546
0.023256034
0.0256014938
0.0236191434
0.022768175
0.0236348138
0.0234062024
0.022517296
0.022853692
0.0242994904
0.0225275296
0.0239704334
0.0243061436
0.0258261294
0.0252891576
0.025003438
0.0254619954
0.0262445354
0.0245699788
0.0246559114
0.025507488
0.024681306
0.0237751922
0.0234585402
0.024320501
0.0246658354
0.0246672468
0.023592788
0.0251939096
0.0247689216
0.0262962854
0.0248286458
0.0240173148
0.0231524998
0.0253152276
0.0252447114
0.0247214046
0.0260657438
0.0253447748
0.0237040854
0.0249581282
0.0243676778
0.0239419662
0.0246476216
0.0257278864
0.025794868
0.0251546002
0.0252456642
0.0248716834
0.0242421986
0.023275426
0.0248557092
0.024394851
0.0245548838
0.0239736722
0.0248917086
0.0246730734
0.0244820432
0.0244895984
0.0245266482
0.0240576264
0.0244129854
0.0253538862
0.024525608
0.0243819558
0.025077881
0.0257987392
0.0253976988
0.0258610436
0.0254014806
0.0250513828
0.0258088294
0.024488024
0.0244791728
0.0243561262
0.0250718108
0.0236080178
0.024301572
0.023757126
0.0258435966
0.0245498832
0.024101802
0.0239477468
0.0226918266
0.0239332814
0.0240091104
0.0247746276
0.0241488856
0.0245901622
0.024777196
0.0233035112
0.0243084274
0.0240700718
0.0232692046
0.0244392424
0.0247371902
0.0247464856
0.0242321772
0.023815024
0.024364709
0.024548733
0.0242982578
0.0231509594
0.0250372994
0.023965251
0.0239833602
0.0242247456
0.0241976676
0.02537448
0.0236286584
0.0243835228
0.0232536656
0.0234663108
0.02241652
0.023442903
0.0223054982
0.0245361596
0.0229393462
0.0244785984
0.0239878068
0.023318686
0.025838659
0.0235980744
0.0236878226
0.021891089
0.022820559
0.0232422888
0.0237857178
0.0235435516
0.0237616532
0.0248432544
0.0240723128
0.02321343
0.0236680384
0.0247343582
0.0234273696
0.0243698846
0.0241037334
0.0248917664
0.024780608
0.024647786
0.0231412454
0.0246922884
0.0247074654
0.0242458002
0.0258314296
0.0240485018
0.0247213122
0.0253823494
0.0255701324
0.025368893
0.025826762
0.024644095
0.0255480158
0.0246114634
0.0240260692
0.0247688392
0.024688056
0.0238623122
0.0245775114
0.0244378758
0.0244543292
0.023850403
0.024264216
0.024028991
0.0243233414
0.0245802174
0.0240473934
0.0243457212
0.0236040002
0.0245818238
0.0237875308
0.0254073544
0.0250360952
0.0236942282
0.0225239022
0.0234737772
0.0236248718
0.0236624096
0.025483998
0.0239320528
0.0231528768
0.022836423
0.0244309398
0.0242109068
0.0253140506
0.02533419
0.0243981052
0.0240417096
0.0238731748
0.0233872304
0.0239880768
0.023666092
0.023639266
0.0239512756
0.022200264
0.0225107512
0.0229279552
0.0239012182
0.0233183238
0.0243364682
0.023536264
0.0248806942
0.0234601392
0.0232661274
0.02340498
0.0235660718
0.0238713918
0.0235387316
0.0228379612
0.0227450468
0.0237723012
0.0207927032
0.0225831416
0.0224951876
0.022301197
0.0226293378
0.0223928194
0.0234444654
0.023276652
0.0221940948
0.0241892552
0.0254247434
0.0236576258
0.0247520944
0.0244864696
0.0229788954
0.0247266098
0.0237418588
0.0245419332
0.0225379294
0.02402707
0.0238484716
0.0240208584
0.0242127086
0.0237982732
0.0234432184
0.0241407086
0.0238648842
0.0228556424
0.0236412318
0.0250719656
0.024167951
0.0229065836
0.0238201248
0.0238971474
0.024208143
0.0246419538
0.0232779464
0.0233461896
0.0240191366
0.0235437662
0.0241455628
0.0235711464
0.0246196642
0.0230679374
0.0232858618
0.0242493696
0.02272836
0.0239089226
0.025445093
0.0243259252
0.024774671
0.0252347854
0.0254663016
0.0239985324
0.0239986612
0.024396908
0.0242343306
0.0256216586
0.0277434772
0.024723078
0.0240924202
0.0233861582
0.0245448272
0.0248909654
0.0242384932
0.0228882788
0.0239891562
0.0244267648
0.0234760566
0.0249150416
0.0236135572
0.0244317972
0.0234495506
0.023760992
0.0236867658
0.023972932
0.0245821686
0.024229281
0.0231264916
0.0243274662
0.024861
0.0239036774
0.0249040204
0.0245469058
0.0241720022
0.023552448
0.0244937168
0.0245317552
0.023762124
0.0241106792
0.0251976372
0.0249271786
0.025278843
0.0243420162
0.0233103828
0.0256951432
0.0237402802
0.0236911102
0.0235129838
0.023492782
0.0255067754
0.0226587922
0.0239477644
0.0241491184
0.0246613024
0.0253468732
0.0240825452
0.0245743622
0.0253590838
0.025881528
0.0241857564
0.0242481344
0.023653956
0.02447145
0.0260360118
0.023977544
0.0246792778
0.0221627438
0.0235464616
0.0235603022
0.0225956662
0.0240480122
0.0230952658
0.0227594414
0.024254738
0.0230691654
0.0236301162
0.0233424924
0.0232492886
0.0240503068
0.024319927
0.024490098
0.024229792
0.0235071318
0.0244102658
0.0243774348
0.0252448122
0.0241330726
0.023547719
0.0250997514
0.0248273436
0.024536116
0.0242788064
0.025170784
0.0239902372
0.0255393762
0.0238264696
0.0253541664
0.025330838
0.0251627584
0.0246042706
0.0233249094
0.0237785786
0.0256392978
0.0236544206
0.0245483948
0.0256132162
0.0241748516
0.0241816088
0.0245752304
0.0254294078
0.0248092272
0.0249787008
0.02489517
0.0258504642
0.024624443
0.0236272142
0.0236923166
0.0230840442
0.0229351854
0.0226215766
0.0234241664
0.0238986226
0.02405924
0.0242851886
0.024306261
0.0230392934
0.0228681912
0.0256759722
0.0247047114
0.0233240504
0.0243213908
0.0246839506
0.0241715468
0.0231449376
0.0259727988
0.0246912234
0.0239642114
0.0249080898
0.0249080898