-0.0772679916
-0.0777657774
-0.0762004564
-0.077063218
-0.076038731
-0.0778421302
-0.0774538986
-0.0766918626
-0.0777297498
-0.0774603146
-0.0757349766
-0.0785804202
-0.0773726718
-0.0792217416
-0.0777241324
-0.0783986656
-0.0768413524
-0.0765369622
-0.0781678818
-0.0763623052
-0.0755675994
-0.078128927
-0.078460883
-0.07826743
-0.0774563234
-0.0796392056
-0.0770974692
-0.077263675
-0.0778134396
-0.0764048848
-0.074964724
-0.0761366534
-0.0754015088
-0.0766253702
-0.0784326406
-0.0766228918
-0.0772235882
-0.0769449686
-0.0769222054
-0.077318179
-0.0780032396
-0.0764614128
-0.0779676704
-0.0770048068
-0.0769413828
-0.0764275332
-0.0775096244
-0.0763039408
-0.0762288314
-0.0771481998
-0.0778201418
-0.0766180278
-0.076777097
-0.077361307
-0.077319389
-0.0761942456
-0.0770850114
-0.0768199124
-0.0776399578
-0.0770374538
-0.0772089832
-0.0761838718
-0.0748346046
-0.0777757678
-0.0773026622
-0.0774280058
-0.0775822
-0.0780400932
-0.078727682
-0.0774198588
-0.0769998394
-0.0783550368
-0.0776547432
-0.0764649162
-0.0762520954
-0.0759201286
-0.0773569856
-0.0771770098
-0.077053422
-0.0768303158
-0.0769900198
-0.078320509
-0.078167435
-0.0776896608
-0.0781234808
-0.0774856556
-0.0775180402
-0.0781840968
-0.0781303548
-0.0789353386
-0.0787135302
-0.07896179
-0.0784254146
-0.0771813004
-0.0770166402
-0.077896906
-0.0778872816
-0.0772902888
-0.0788806142
-0.0772084348
-0.077896209
-0.077570995
-0.0778428072
-0.0793068396
-0.0777013962
-0.0778472818
-0.0779482658
-0.0778653158
-0.0790159008
-0.0771086186
-0.0765078482
-0.076687337
-0.0777154848
-0.0760655484
-0.0775296716
-0.0769151362
-0.0775944384
-0.0781717134
-0.0772903582
-0.0769750554
-0.0783282608
-0.0768003586
-0.078697712
-0.0761421902
-0.07657036
-0.0781469078
-0.0771098162
-0.0762215576
-0.0771660224
-0.0770078924
-0.0763019654
-0.0778179486
-0.0777831406
-0.0772497668
-0.0766969572
-0.0752285544
-0.0776596412
-0.0766824968
-0.0762807656
-0.0770166532
-0.0784387858
-0.0761758896
-0.0777595696
-0.0761459544
-0.0772599242
-0.0765648512
-0.0767517948
-0.0777330328
-0.0761564958
-0.0756195692
-0.0763733726
-0.0781080114
-0.077443503
-0.0764765824
-0.0768544474
-0.0777933698
-0.0779421914
-0.0772411546
-0.0767459548
-0.0775434958
-0.0777354706
-0.0792343154
-0.0780974782
-0.0775427648
-0.0777709028
-0.0777591898
-0.078122335
-0.0787459682
-0.079582755
-0.0773511896
-0.0783511734
-0.0780024832
-0.078962425
-0.0782387184
-0.0770956066
-0.0769765036
-0.0793327924
-0.0773698372
-0.0780718524
-0.0791845466
-0.0778129542
-0.0792694606
-0.0772924834
-0.0777058926
-0.0760079742
-0.0781864232
-0.0781582586
-0.078238283
-0.0788533218
-0.078843366
-0.077344589
-0.0782632122
-0.0771277016
-0.0771676656
-0.077447506
-0.0773758658
-0.0773191062
-0.0784849914
-0.0767942856
-0.0769533674
-0.0766821588
-0.0773554488
-0.0783830944
-0.0767735336
-0.0779466394
-0.0777842156
-0.0783881034
-0.078971052
-0.0760383374
-0.077320729
-0.0774117122
-0.078024627
-0.0787937178
-0.0793248826
-0.078392568
-0.0774325816
-0.0785310422
-0.07964805
-0.0789850132
-0.0773755312
-0.0791391594
-0.0789669354
-0.078923389
-0.078773106
-0.0776563814
-0.0782661882
-0.0777158896
-0.077094412
-0.0794416548
-0.0790176306
-0.0785795046
-0.0780762156
-0.0782111652
-0.078248215
-0.077226067
-0.0779027342
-0.0777517716
-0.077344796
-0.0781411378
-0.078570429
-0.0789472776
-0.078183989
-0.0772998982
-0.0774583646
-0.077918894
-0.078690857
-0.0775436862
-0.078284529
-0.0769329206
-0.0777262708
-0.077261843
-0.0785028036
-0.0782354644
-0.077990165
-0.0784007392
-0.0794275196
-0.0787626728
-0.078108685
-0.0768931824
-0.079664853
-0.0775314308
-0.0789521306
-0.0780685328
-0.0768002298
-0.0779930686
-0.0771745408
-0.0770427278
-0.0774044948
-0.0771157904
-0.0785671528
-0.0771967118
-0.0772581218
-0.0782611298
-0.077364536
-0.078893987
-0.0784956222
-0.0775147992
-0.0778233634
-0.0776738162
-0.0767888684
-0.0777685874
-0.0780371458
-0.077805134
-0.0780949128
-0.0771520582
-0.0771089188
-0.0776320892
-0.0762701512
-0.077159236
-0.0770490332
-0.0774079464
-0.0769309184
-0.0769102418
-0.076904597
-0.076373154
-0.0744488554
-0.076951665
-0.0763818342
-0.0775006044
-0.0770889418
-0.0757189828
-0.0759670114
-0.0766334706
-0.0760224254
-0.0765336976
-0.0746745784
-0.0744981898
-0.076073621
-0.0771186952
-0.076563109
-0.0776707358
-0.0776913768
-0.076366865
-0.0775139358
-0.076007055
-0.0768728114
-0.0764664126
-0.0775709066
-0.0768873638
-0.0776240684
-0.0791591976
-0.0786723066
-0.078362002
-0.0783946346
-0.0781802936
-0.079068787
-0.0772578236
-0.0768610524
-0.0781663358
-0.0778182566
-0.0773392718
-0.0765909862
-0.0766594894
-0.0779139066
-0.0787339736
-0.076489286
-0.0765043716
-0.076671485
-0.075954546
-0.0759308088
-0.0768502578
-0.0778845914
-0.076926796
-0.0770438592
-0.0782013458
-0.0766910988
-0.0765930208
-0.078026275
-0.0788629062
-0.0789082276
-0.0775992782
-0.0771442344
-0.0783301048
-0.0777115072
-0.077015644
-0.0784189698
-0.0761844142
-0.0775743394
-0.0764861112
-0.0775377432
-0.0779511398
-0.0784424552
-0.0766947922
-0.0764818566
-0.0782942562
-0.0775417548
-0.0784890796
-0.0776471578
-0.0755662416
-0.0776940438
-0.0768867116
-0.0788749868
-0.0772380186
-0.0778830198
-0.0781387978
-0.0778266132
-0.0769679886
-0.0791585992
-0.0774522002
-0.0785879086
-0.0777138692
-0.077842105
-0.0779568128
-0.077743252
-0.0790185864
-0.0758521186
-0.0777891066
-0.0774950068
-0.0767878882
-0.0768483786
-0.0766740906
-0.0780522494
-0.0776506386
-0.076838087
-0.0771923578
-0.0777214504
-0.0753865588
-0.07690959
-0.0771662328
-0.079057942
-0.0756867176
-0.0775786086
-0.0760482368
-0.0769240144
-0.0747571768
-0.0777881722
-0.0769011702
-0.0759457046
-0.0765833788
-0.0763210752
-0.0761252996
-0.0758885282
-0.0776027868
-0.0773068418
-0.0770749858
-0.0762171508
-0.0764205282
-0.0758788344
-0.0767799366
-0.0784385224
-0.0770135462
-0.0773580868
-0.0770933336
-0.0774751618
-0.0768916676
-0.0760588288
-0.0754488438
-0.0762793416
-0.0768471032
-0.0765533454
-0.0765913706
-0.0769909412
-0.0769849884
-0.0756289294
-0.077275749
-0.0765398256
-0.0771564448
-0.0776013226
-0.0769180146
-0.0755641198
-0.07740097
-0.0773357794
-0.0775002754
-0.0783612478
-0.0769938572
-0.0772453988
-0.07678886
-0.0775593324
-0.0776517114
-0.076546979
-0.0762458584
-0.0760606418
-0.0774550212
-0.0770205588
-0.0783846816
-0.0773307546
-0.0773825386
-0.0775411754
-0.0771093094
-0.0763761858
-0.0761445692
-0.077552783
-0.0759476566
-0.076364409
-0.075548398
-0.0755816338
-0.0753324894
-0.0763988492
-0.076313956
-0.0760622752
-0.0782767138
-0.0769670924
-0.0777069534
-0.0761774364
-0.0779825836
-0.0758646008
-0.0779436284
-0.07543786
-0.0759360818
-0.0771587178
-0.0768242086
-0.0759517904
-0.077610946
-0.076061899
-0.0769446038
-0.0772361406
-0.0761110534
-0.0752342298
-0.0775181202
-0.075806465
-0.0767394582
-0.0749331484
-0.0751854126
-0.0774583054
-0.0761643726
-0.0755226196
-0.0772181964
-0.0769402014
-0.0781237208
-0.0784256774
-0.0754893504
-0.0770893872
-0.0778489748
-0.0771952816
-0.0778185634
-0.077912638
-0.0768768834
-0.0775681328
-0.0770776622
-0.0769143364
-0.0766406138
-0.0771135554
-0.077222191
-0.0760386772
-0.0773025478
-0.0764918378
-0.0776686702
-0.0767176742
-0.0757790502
-0.078762234
-0.0762698664
-0.0770179728
-0.0773423932
-0.0767748408
-0.0773326342
-0.0755521338
-0.0753214986
-0.0751512812
-0.0765840752
-0.07659066
-0.0757488562
-0.0770016706
-0.0760786678
-0.0774110964
-0.0764153134
-0.07795428
-0.0790380646
-0.0782142646
-0.0772862118
-0.0790435
-0.0763879796
-0.075039934
-0.0756269114
-0.075732575
-0.0762273406
-0.0775811778
-0.0758021812
-0.0757234002
-0.0768716644
-0.0754470052
-0.075047845
-0.0758768652
-0.076940515
-0.0757966398
-0.0768723304
-0.0766909726
-0.0756873856
-0.074693108
-0.0773405708
-0.0773291144
-0.0766449272
-0.076424745
-0.0775429954
-0.0779454728
-0.075543223
-0.075459026
-0.0757042902
-0.0763493106
-0.0758993818
-0.076486098
-0.075599072
-0.0777092298
-0.0773079278
-0.0758936288
-0.0769458324
-0.0774454764
-0.076713269
-0.075748518
-0.0756270538
-0.0761394044
-0.0779399366
-0.077653564
-0.0754787328
-0.0764320992
-0.0752251472
-0.0757388154
-0.0733750388
-0.0755262998
-0.0762555108
-0.0747722656
-0.0762074558
-0.0754160988
-0.0758416154
-0.0768172858
-0.0753645428
-0.0756886782
-0.0767692854
-0.0768864838
-0.0758958232
-0.075852502
-0.0756778242
-0.0743151182
-0.0761796326
-0.0764464064
-0.0754996502
-0.0760007314
-0.0752391072
-0.0767134628
-0.0775834344
-0.0755133512
-0.0751223998
-0.0771114342
-0.0771072372
-0.0761368856
-0.0754819088
-0.076469072
-0.0765537806
-0.0759869142
-0.0765384136
-0.0762432838
-0.076439044
-0.0758397788
-0.0777876458
-0.0775360148
-0.0773433458
-0.0769140446
-0.0765155418
-0.0778876058
-0.0758844092
-0.0758770298
-0.0763730446
-0.0752253392
-0.0762577632
-0.0771138888
-0.077339491
-0.0775188304
-0.0776357288
-0.0755834842
-0.0770093928
-0.0761559826
-0.0763835898
-0.0751761522
-0.075289374
-0.0759137408
-0.0752596398
-0.0757269746
-0.0756570932
-0.07577531
-0.0746988222
-0.0767728502
-0.075767519
-0.0760088354
-0.07624348
-0.077035764
-0.075265463
-0.0755052314
-0.0762731184
-0.076211799
-0.0751242404
-0.076740392
-0.0770750338
-0.076299611
-0.0758342914
-0.0758299042
-0.0771794234
-0.075687281
-0.0777101086
-0.0760113728
-0.0777469236
-0.0778095336
-0.0768163966
-0.078279914
-0.0767525256
-0.076212869
-0.077799362
-0.0771553402
-0.0766605
-0.0776373056
-0.0768159318
-0.0767502644
-0.0773844472
-0.0770019878
-0.0761081912
-0.078948858
-0.07698665
-0.0788956008
-0.0769390852
-0.0781686814
-0.0771204298
-0.07738573
-0.078300901
-0.076991615
-0.078391581
-0.076415416
-0.0765491582
-0.0758470354
-0.076740745
-0.0769209896
-0.0784880864
-0.0763625136
-0.077368095
-0.0759428186
-0.076925726
-0.0769329406
-0.0765088002
-0.0770718742
-0.0773889846
-0.0756151648
-0.076027815
-0.0755503342
-0.075843646
-0.076913743
-0.076846054
-0.076115741
-0.0782205052
-0.0775584348
-0.078169042
-0.0770090624
-0.076013735
-0.076203182
-0.0777890488
-0.0771238566
-0.0754151694
-0.0765862256
-0.0768183436
-0.076226724
-0.0770722888
-0.0777432164
-0.0766987484
-0.0773151692
-0.077712685
-0.077154096
-0.0770558022
-0.0772413728
-0.0771647274
-0.0772231788
-0.0781043626
-0.077295639
-0.0772015234
-0.0759166782
-0.0765163942
-0.076929843
-0.076171986
-0.0755118458
-0.077704459
-0.0774352696
-0.0771050234
-0.0765132662
-0.0761589016
-0.0771600812
-0.0754147576
-0.077245413
-0.0772500764
-0.0766557516
-0.0766087162
-0.0774691904
-0.0756948028
-0.0768157288
-0.0767991456
-0.0738316528
-0.0751841146
-0.0758141036
-0.0762211626
-0.0754962386
-0.075580062
-0.0759254736
-0.0756733542
-0.0768514596
-0.0763834076
-0.074060426
-0.0758799604
-0.0756927378
-0.076649984
-0.0755962006
-0.0755355014
-0.0758434198
-0.0755145096
-0.0744116112
-0.0762784248
-0.07649251
-0.0767249878
-0.0758004214
-0.07671734
-0.0754501788
-0.0760797606
-0.077498224
-0.0771942554
-0.0759594688
-0.0776524494
-0.0764577954
-0.0765661688
-0.0752567588
-0.0755696358
-0.0765247282
-0.077154665
-0.0785623116
-0.0767958526
-0.0769195056
-0.0741197692
-0.0766952804
-0.0759068366
-0.0779250102
-0.0762397778
-0.0767866422
-0.0755208084
-0.07708059
-0.0754068442
-0.075108138
-0.0746386178
-0.0768010918
-0.0749976616
-0.074380352
-0.0749903358
-0.0751614256
-0.0756864712
-0.0763628138
-0.0768783416
-0.077812236
-0.0769061146
-0.0759963616
-0.0765401032
-0.0766754176
-0.075585504
-0.0764604572
-0.0769066304
-0.076499898
-0.0761933466
-0.0749272932
-0.0737720404
-0.0760622042
-0.0762971642
-0.0764760462
-0.0761462936
-0.0767312124
-0.0755225578
-0.0758187788
-0.0760460216
-0.0750689472
-0.075546083
-0.0763758884
-0.0765978644
-0.0764187858
-0.0761448606
-0.0767350862
-0.0759606542
-0.0747430772
-0.074871912
-0.0750665892
-0.0756950706
-0.0772965402
-0.0749982762
-0.0765455684
-0.0764119474
-0.0772162998
-0.0769424066
-0.0757374402
-0.0750845702
-0.0767839792
-0.0775090612
-0.0757001108
-0.076493211
-0.0781882222
-0.0761993436
-0.0776766626
-0.0769070314
-0.075414103
-0.0775506752
-0.075984437
-0.075872374
-0.0780422002
-0.0759030856
-0.0754151912
-0.075826214
-0.0767406058
-0.0762454794
-0.0766958392
-0.0752525048
-0.0756027272
-0.075584263
-0.0759127204
-0.0768071604
-0.0742694484
-0.0755570498
-0.0757533544
-0.0755365514
-0.0765491198
-0.0766015006
-0.0756604958
-0.0765106384
-0.0754415796
-0.075555885
-0.0757215298
-0.076966238
-0.0756337628
-0.0747920646
-0.0769708376
-0.0756790144
-0.0755951536
-0.0755256124
-0.075896252
-0.0752054396
-0.0749986808
-0.0758487958
-0.0751458484
-0.0758128292
-0.0747039872
-0.0765605236
-0.0749567592
-0.0769535532
-0.077044883
-0.0761743498
-0.0754034194
-0.0743356804
-0.0751503092
-0.0761088392
-0.0742230152
-0.0764403896
-0.0747870398
-0.0759071294
-0.0748940332
-0.0768209058
-0.076833673
-0.075976788
-0.0750784494
-0.0750601646
-0.0752500062
-0.0752174242
-0.0759324172
-0.0771226832
-0.0753740902
-0.0763619402
-0.0757858222
-0.0753833602
-0.0760839172
-0.0763378774
-0.0771585454
-0.0767523056
-0.0763184296
-0.076999432
-0.0760241998
-0.0773266726
-0.0754485864
-0.076235702
-0.076376005
-0.076376005