-0.0577122008
-0.0581515112
-0.0593372038
-0.0589179492
-0.0579271156
-0.0579957848
-0.0582839248
-0.0585303826
-0.0585800232
-0.0582298248
-0.059028174
-0.0581539344
-0.059451326
-0.0602341942
-0.0591485386
-0.057185658
-0.0594226232
-0.0585943504
-0.0575630368
-0.0581492332
-0.0592806322
-0.058864024
-0.0576551154
-0.0584345814
-0.0578285228
-0.0579801586
-0.0584303938
-0.058549731
-0.0592479652
-0.0588543014
-0.059381823
-0.0570427364
-0.0586957832
-0.0591215518
-0.0594297478
-0.0573696704
-0.0590471058
-0.0565989184
-0.0569041288
-0.057192269
-0.0582965844
-0.0583052796
-0.0590277088
-0.0587952098
-0.0582490766
-0.0576078496
-0.0588994344
-0.0577827498
-0.058299056
-0.0578895724
-0.05764578
-0.0572275824
-0.0583416206
-0.0571816642
-0.0581320658
-0.0583329738
-0.057783952
-0.057824607
-0.0591443026
-0.0575743004
-0.058220277
-0.0574506306
-0.058741013
-0.0590820508
-0.058853691
-0.0593781008
-0.0590095626
-0.059669963
-0.058801307
-0.0589110666
-0.0580851202
-0.0587366802
-0.0586328428
-0.0596950402
-0.0578996152
-0.0581844498
-0.0597629724
-0.0581416918
-0.0587464996
-0.0593734962
-0.0595625782
-0.0576994146
-0.0584463588
-0.0589482412
-0.0575567648
-0.0581952484
-0.0577826046
-0.0574683116
-0.0582394508
-0.0574655682
-0.0580601398
-0.0582488048
-0.0581556988
-0.0581742136
-0.0581858458
-0.059154539
-0.0576576356
-0.057204318
-0.0588368922
-0.0595937526
-0.0596927622
-0.057604079
-0.058968714
-0.0595737452
-0.058909157
-0.0592361878
-0.0582815984
-0.0588950048
-0.0596053848
-0.0581985054
-0.0604597622
-0.0592596458
-0.0586228298
-0.0584047546
-0.059438443
-0.057915435
-0.0587026658
-0.057286771
-0.0582086448
-0.060065488
-0.0585132152
-0.0587334716
-0.0596395742
-0.059891567
-0.0604270468
-0.058901102
-0.0584216018
-0.059421741
-0.0587716252
-0.06098932
-0.0590090972
-0.0590273404
-0.0598269402
-0.0600876766
-0.0587896746
-0.0593414398
-0.0592419164
-0.0601017806
-0.0604200676
-0.0585442928
-0.0586823382
-0.0586163156
-0.0585602578
-0.059007333
-0.0587139778
-0.058939866
-0.0582221382
-0.057591196
-0.0576109614
-0.0578509052
-0.0597717644
-0.0594208588
-0.0600908852
-0.0587927382
-0.0596580108
-0.0576306972
-0.0584482684
-0.0579688948
-0.0592390762
-0.0578220088
-0.0596076144
-0.059796328
-0.0576394892
-0.0568297796
-0.0585633212
-0.0586222192
-0.0587097902
-0.0600687934
-0.0582040404
-0.0574542076
-0.0591181496
-0.058165373
-0.0583976004
-0.0567817284
-0.0598845392
-0.0583964762
-0.0590366944
-0.0590512934
-0.0577649236
-0.0620431126
-0.0585248474
-0.058485298
-0.0594891594
-0.058589087
-0.0593417114
-0.060387691
-0.0598529964
-0.0603260792
-0.0602857444
-0.0596299482
-0.0604382138
-0.0591841722
-0.0606206366
-0.0594606316
-0.0596373446
-0.0595203338
-0.0597528328
-0.0599743398
-0.0583588362
-0.0588687738
-0.0588724476
-0.059601294
-0.0587576182
-0.0578968718
-0.05805255
-0.058208548
-0.0592387562
-0.058038368
-0.060217347
-0.0609025046
-0.0594507638
-0.0590873922
-0.0589647496
-0.0574390468
-0.0582682502
-0.0591606846
-0.0580409662
-0.0595383348
-0.0586534904
-0.059506792
-0.0600249596
-0.0589379566
-0.0590918702
-0.0588384332
-0.0601010248
-0.057596169
-0.0583907178
-0.0608107944
-0.059862719
-0.0600081608
-0.0592516874
-0.060310211
-0.0574044888
-0.058642517
-0.0578035426
-0.0592283262
-0.0592051586
-0.0578819826
-0.0586554484
-0.0574776172
-0.0572336312
-0.0587189508
-0.058005701
-0.0579408324
-0.0574782762
-0.0588105642
-0.0578024184
-0.0585360144
-0.0589476308
-0.0585569524
-0.0596383234
-0.0578818374
-0.0578347652
-0.0581724976
-0.0589681518
-0.0577574306
-0.058257597
-0.0580531604
-0.0574842282
-0.05761417
-0.0575000964
-0.0579487126
-0.059130664
-0.0565910568
-0.0594879868
-0.0584922772
-0.0608475522
-0.0590464468
-0.0575626682
-0.0586892692
-0.0597905212
-0.0583561898
-0.0587176518
-0.0590880996
-0.058187532
-0.0593948028
-0.0580848
-0.0582589928
-0.058539223
-0.058316175
-0.0573791214
-0.0574116432
-0.058000166
-0.057854996
-0.057962526
-0.0581575116
-0.0580177986
-0.0582126092
-0.058664512
-0.0587927866
-0.0591893872
-0.0588156824
-0.059792092
-0.058160817
-0.0585707658
-0.0570435218
-0.0572365198
-0.0587111378
-0.0577434718
-0.057776701
-0.0584471926
-0.0579612566
-0.0598024252
-0.060310211
-0.0600481756
-0.058705651
-0.0588724476
-0.0582738336
-0.059682429
-0.058083017
-0.058545175
-0.0590300352
-0.0604545472
-0.0585367514
-0.0604077468
-0.0591372264
-0.0584286296
-0.0571709624
-0.059101913
-0.0598348986
-0.0583871704
-0.0599037612
-0.0595751894
-0.0606288368
-0.0595704882
-0.0594998128
-0.0613129672
-0.0575059998
-0.061278439
-0.0591935264
-0.0593758226
-0.059066231
-0.0590630224
-0.0590764188
-0.058354135
-0.0598276474
-0.0587235554
-0.058819308
-0.058394295
-0.0593948512
-0.0588388984
-0.06032162
-0.0595303282
-0.0591314198
-0.0596801994
-0.0593688434
-0.059750458
-0.0594011232
-0.0585065076
-0.0592943972
-0.0589881108
-0.0578285228
-0.0593149666
-0.0580649676
-0.0590666962
-0.0597746046
-0.0589653118
-0.058949492
-0.0580860024
-0.0577918134
-0.0590225422
-0.058959263
-0.0583727466
-0.0588153624
-0.0576770324
-0.0580804672
-0.0600009098
-0.0588951016
-0.0589372008
-0.0590894954
-0.0590505564
-0.058363586
-0.0589470202
-0.0586122248
-0.0601311904
-0.0593129604
-0.0594499784
-0.0573954548
-0.0589631304
-0.0598032588
-0.0592801184
-0.058836252
-0.0597002068
-0.0597617514
-0.0592980712
-0.0583134316
-0.0590860932
-0.0589895552
-0.0588920382
-0.0589106012
-0.0594328112
-0.059695554
-0.059259549
-0.0605566204
-0.0609119072
-0.0590146808
-0.0595515082
-0.0587886958
-0.0575101874
-0.059598774
-0.058572627
-0.0581687752
-0.0592321454
-0.0606435808
-0.0588713718
-0.0580769386
-0.0599788476
-0.058520805
-0.0592859736
-0.0585433138
-0.059115358
-0.0595998982
-0.059196415
-0.0587417984
-0.0588993376
-0.059440721
-0.0592139506
-0.0605161402
-0.0578092228
-0.058889935
-0.0576256572
-0.0591065174
-0.0580758144
-0.0587281598
-0.0588650514
-0.0589401862
-0.0589244632
-0.0594109426
-0.0585420148
-0.0597372848
-0.0603045308
-0.0589052896
-0.0599618738
-0.0595903988
-0.0588978934
-0.056724401
-0.0586967138
-0.0578612382
-0.0589366574
-0.0591275038
-0.0596468438
-0.0600310082
-0.0580064864
-0.056759521
-0.057291889
-0.0589481928
-0.0588630934
-0.0590211464
-0.059451568
-0.0589666592
-0.0579159972
-0.059249923
-0.0600599046
-0.059655956
-0.0596620048
-0.0590528828
-0.0584744994
-0.060106705
-0.0598052168
-0.059877705
-0.0596675882
-0.0599474016
-0.0584186648
-0.0582617362
-0.0578498294
-0.0598530932
-0.0592195342
-0.0601562676
-0.0609380898
-0.0593024522
-0.058956006
-0.0598920806
-0.0596634974
-0.0602198186
-0.0588868716
-0.0589212546
-0.0590663762
-0.0589062686
-0.0594899932
-0.0584821378
-0.0602121804
-0.0607469718
-0.0585911418
-0.0592599658
-0.0593376206
-0.0584433252
-0.0580981966
-0.0593815514
-0.0590467372
-0.0582770906
-0.057974992
-0.0578155432
-0.0592841124
-0.058560723
-0.0592707158
-0.0594631518
-0.059967729
-0.0580693488
-0.0580599946
-0.058421185
-0.0592196794
-0.0612020052
-0.0590308206
-0.0584651454
-0.0603312942
-0.059215395
-0.0582156726
-0.0582053878
-0.0567003028
-0.0587430974
-0.0583898654
-0.0588710034
-0.059045613
-0.0596299482
-0.0585936618
-0.059473388
-0.0589646528
-0.059805537
-0.058848718
-0.0587910706
-0.058745986
-0.0582069774
-0.0576955472
-0.0590347366
-0.0576738238
-0.0612371734
-0.057625337
-0.0589129278
-0.0600914958
-0.0601978532
-0.0587369706
-0.0594460328
-0.0601487262
-0.0588168848
-0.058432672
-0.0589122204
-0.059341101
-0.0591716094
-0.0605822596
-0.0592382424
-0.059362843
-0.0599032476
-0.060086009
-0.0599235266
-0.0591912
-0.0583234744
-0.05906785
-0.057685873
-0.0573744684
-0.0603392042
-0.0587129504
-0.0599450266
-0.0610643282
-0.0590558494
-0.0593198912
-0.0596322264
-0.0565336328
-0.060071023
-0.060873705
-0.05953848
-0.0601178236
-0.0594722638
-0.058925859
-0.0598572324
-0.0585070212
-0.0608572748
-0.0585773282
-0.0571737058
-0.0575491266
-0.0577074994
-0.0597498476
-0.0591530946
-0.0589185112
-0.0600557654
-0.0602028746
-0.0589656802
-0.061014077
-0.0600796216
-0.0609128862
-0.0603937396
-0.0597363542
-0.0602895634
-0.0595917946
-0.0600802804
-0.0607271392
-0.0583431132
-0.060108343
-0.0595916978
-0.0601020522
-0.0588603018
-0.0606621924
-0.059889192
-0.058891893
-0.0598094528
-0.0593123202
-0.0590660374
-0.060042592
-0.0598199124
-0.0604783738
-0.0606277126
-0.058863462
-0.0598456002
-0.0591488586
-0.0598094528
-0.0590382652
-0.0601463514
-0.0593301276
-0.0608982686
-0.0586155788
-0.0591065174
-0.0592522792
-0.0581069402
-0.0606674558
-0.0593429324
-0.0583662808
-0.059785161
-0.059693276
-0.0599816876
-0.0598505248
-0.0589373944
-0.0585016798
-0.059796328
-0.059979458
-0.0589102328
-0.0588519266
-0.0580701342
-0.0609753612
-0.0590109584
-0.0597456116
-0.0588585374
-0.059396809
-0.0596191982
-0.0593016482
-0.0596620532
-0.058744687
-0.0588240092
-0.059396567
-0.059117461
-0.0580088128
-0.0582040888
-0.0592329792
-0.0575241946
-0.0579334844
-0.0595430846
-0.060630136
-0.0596322264
-0.058912414
-0.058968472
-0.060582628
-0.05957612
-0.0600887524
-0.0581269476
-0.059228423
-0.05864781
-0.0602266044
-0.0590414738
-0.0591735674
-0.0582891398
-0.059771716
-0.0591087954
-0.0600199382
-0.0591679356
-0.0585875646
-0.0616103162
-0.060454082
-0.059629803
-0.059186227
-0.0592068262
-0.0594686868
-0.0602193532
-0.0588811914
-0.059268021
-0.0597271452
-0.0589090602
-0.0573373422
-0.0592354508
-0.0606353992
-0.0589889446
-0.0588625314
-0.0588625314