-0.0528583948
-0.055107309
-0.0546724164
-0.0540574658
-0.0548166894
-0.0544313268
-0.054390442
-0.0535563358
-0.053140795
-0.05447302
-0.0527806098
-0.0530759524
-0.054432381
-0.0533153974
-0.053286474
-0.0534095512
-0.0537970262
-0.0540977156
-0.0529356944
-0.0524489394
-0.0529994654
-0.0533215308
-0.052990802
-0.0535867512
-0.054193972
-0.0541096816
-0.0532630384
-0.0551039142
-0.0539417322
-0.053742607
-0.0547773138
-0.0542270268
-0.0547284988
-0.0550042924
-0.053707119
-0.0546027852
-0.0546026886
-0.0559686348
-0.0557477538
-0.0561212502
-0.0544779084
-0.053921384
-0.0540246192
-0.054880351
-0.054855031
-0.0552662168
-0.0561192622
-0.0554832086
-0.0547027366
-0.0532509892
-0.0537718412
-0.0547484684
-0.0552715324
-0.0557670104
-0.0551377268
-0.0555862818
-0.0551781922
-0.0557395432
-0.05679376
-0.0539227
-0.055857635
-0.0555835968
-0.0552834518
-0.0563989014
-0.0559651524
-0.0556726842
-0.0538777664
-0.0560188382
-0.0552564214
-0.0548312376
-0.0544518816
-0.0554623252
-0.0549947194
-0.055228305
-0.0560795282
-0.0548755916
-0.0548700486
-0.0549938556
-0.0542761348
-0.0548802406
-0.0551778298
-0.053812399
-0.0561180574
-0.0543879724
-0.0532725972
-0.0554084942
-0.0549981632
-0.0552768406
-0.0544694404
-0.0539731822
-0.0556533798
-0.0555671398
-0.0533878502
-0.0544366322
-0.0555505972
-0.0542421334
-0.0532794104
-0.0545243336
-0.0556822884
-0.0540077336
-0.0540793014
-0.0551743942
-0.0543713784
-0.0553169656
-0.054990567
-0.0554632124
-0.0546303682
-0.0548833622
-0.0542455762
-0.0543159852
-0.0541445584
-0.0537034042
-0.0553042398
-0.0530502104
-0.0537267176
-0.0543994498
-0.0530638904
-0.0529448202
-0.052817619
-0.0535348496
-0.054437369
-0.054109473
-0.053963875
-0.0543367668
-0.054459454
-0.0547749698
-0.0551680276
-0.0546849924
-0.0537105076
-0.0552093174
-0.0532511596
-0.0523892388
-0.055002887
-0.0547187226
-0.0551253052
-0.0548851804
-0.0533480088
-0.0539670982
-0.0540283926
-0.0552560336
-0.0553725774
-0.054333451
-0.054821116
-0.053619625
-0.0549881806
-0.0553840608
-0.0525902572
-0.054358097
-0.055348941
-0.054815456
-0.054699461
-0.0540114646
-0.0567947782
-0.0551290622
-0.0537126806
-0.0550908886
-0.0545617038
-0.05519812
-0.0547966302
-0.0553529166
-0.0554690064
-0.0551827428
-0.0550630904
-0.0529832812
-0.0541349232
-0.0543195808
-0.053369608
-0.0541302258
-0.0532729546
-0.0533473636
-0.0544818302
-0.0544189814
-0.0537778706
-0.054916052
-0.0538889776
-0.0537966296
-0.0537517874
-0.0537796016
-0.0545379956
-0.0541473896
-0.0562222778
-0.0553216108
-0.05253868
-0.0534623988
-0.0527506376
-0.0540418506
-0.0533904488
-0.0541477728
-0.053794874
-0.0544226048
-0.0540073476
-0.0527089928
-0.054036435
-0.0548753268
-0.0534978684
-0.055573941
-0.0555318672
-0.0541351108
-0.0532960958
-0.0530039142
-0.0542326554
-0.054560443
-0.0538132208
-0.0539120946
-0.053142872
-0.0539428642
-0.055784577
-0.053430865
-0.0548203084
-0.0542411328
-0.053984688
-0.0536579174
-0.054049856
-0.0544146136
-0.0555588558
-0.0530432906
-0.0545170544
-0.0554420798
-0.0530102532
-0.0539112034
-0.0549617712
-0.0537053088
-0.0552081726
-0.054131597
-0.0546663496
-0.0534356272
-0.05375294
-0.0533239212
-0.0523963656
-0.0542792582
-0.0545822222
-0.0540660612
-0.0537808916
-0.0537596266
-0.055250797
-0.0550343128
-0.054023255
-0.0547226486
-0.0540133608
-0.0542349436
-0.0535803208
-0.0537648122
-0.0538765074
-0.054868133
-0.0536078456
-0.0541319382
-0.054523412
-0.055717723
-0.054264576
-0.0540327898
-0.055981333
-0.054976573
-0.055711169
-0.0532466278
-0.0544551886
-0.0555704148
-0.055675245
-0.0547963984
-0.0564891244
-0.055012533
-0.055225977
-0.0537725314
-0.0550178924
-0.054272853
-0.055043048
-0.0540229518
-0.0548262042
-0.0542929146
-0.0549414182
-0.0549266088
-0.055193818
-0.0540016598
-0.0540752488
-0.0559440066
-0.0555933982
-0.0546468974
-0.0551238822
-0.054920643
-0.0538092168
-0.0553033398
-0.0548325702
-0.0562143836
-0.0562553772
-0.0543044586
-0.0543348078
-0.054368413
-0.0554667206
-0.055893458
-0.054263435
-0.0552608418
-0.054982563
-0.0543452378
-0.0549201534
-0.055807206
-0.0565965638
-0.054770274
-0.0566041908
-0.0540038706
-0.053760155
-0.0565542722
-0.0556332638
-0.0563310492
-0.0545600886
-0.0539282776
-0.0542779678
-0.0551499622
-0.0543899338
-0.0549747292
-0.0552759768
-0.0555098276
-0.0540675448
-0.0539859724
-0.0557369114
-0.0553137162
-0.054850942
-0.0556098476
-0.0567983198
-0.05568318
-0.0557277756
-0.0555389616
-0.0553054572
-0.0541279126
-0.0554041788
-0.0553648822
-0.0538230282
-0.056135598
-0.0551921194
-0.0550767608
-0.055349869
-0.055366489
-0.0535079636
-0.0558325038
-0.0551712198
-0.054467514
-0.0540676442
-0.0549495034
-0.0551425254
-0.0550608918
-0.053642039
-0.0546371164
-0.0554134852
-0.0546669016
-0.0533704652
-0.0556159798
-0.054739682
-0.0550806122
-0.0547136178
-0.0543096148
-0.0529137438
-0.0548198484
-0.0556060108
-0.0545166422
-0.0552080244
-0.054110339
-0.0536509396
-0.0547327938
-0.0549426152
-0.0546068584
-0.053477654
-0.0535973376
-0.056191934
-0.0555433596
-0.0544620758
-0.055274402
-0.0542806002
-0.0529077818
-0.0538070096
-0.0555037074
-0.0561110572
-0.0539043034
-0.0545987532
-0.0538603302
-0.054625218
-0.0539595076
-0.0546355044
-0.0539720244
-0.0546431704
-0.054542011
-0.0544160906
-0.0561642564
-0.055284182
-0.0555006664
-0.05520962
-0.0550737842
-0.0547376328
-0.0560003872
-0.0546882592
-0.0548969338
-0.0549559182
-0.0547863488
-0.0546857932
-0.0550205326
-0.0540676148
-0.052899735
-0.0542362346
-0.0558269528
-0.0539021736
-0.05377155
-0.0537479414
-0.0547213426
-0.0543251648
-0.0538542714
-0.0547687962
-0.0542817744
-0.0547371132
-0.0543202056
-0.0549955006
-0.0536698202
-0.053507377
-0.0542707058
-0.0544061544
-0.0543794704
-0.0526944636
-0.0542532442
-0.0551225254
-0.0546797128
-0.0536612202
-0.054048652
-0.0554158544
-0.0546688822
-0.055710471
-0.055322375
-0.0559903694
-0.0542524726
-0.0553542904
-0.0553582566
-0.0543325062
-0.053962841
-0.0544999602
-0.0551144694
-0.055882582
-0.0553294044
-0.0538640766
-0.0538751074
-0.053663075
-0.055716292
-0.0539681166
-0.0544970406
-0.0535836664
-0.0543709494
-0.054109679
-0.0542604966
-0.0553906336
-0.054685289
-0.0552195876
-0.054643851
-0.0538787568
-0.054391277
-0.054075867
-0.0545583236
-0.0549748752
-0.053923421
-0.0525411038
-0.0544986204
-0.0545627602
-0.0556098292
-0.055788591
-0.0545639346
-0.0547999582
-0.0542801466
-0.0555102966
-0.0562519232
-0.0551075256
-0.0534388608
-0.05587815
-0.0556839938
-0.0553681042
-0.056750976
-0.0556911844
-0.0558273478
-0.0544775476
-0.0550711524
-0.054348454
-0.0557467334
-0.0547372834
-0.0557288988
-0.0556110694
-0.054904901
-0.0552956098
-0.0554760916
-0.0543452224
-0.0555446564
-0.053540442
-0.0543389138
-0.0544812812
-0.0553342222
-0.0536197656
-0.0551550794
-0.055317274
-0.0539975642
-0.0554954134
-0.0556481212
-0.054714741
-0.0550597284
-0.0557084954
-0.0547271758
-0.0555638866
-0.0562637024
-0.0554722814
-0.0552748432
-0.0548988688
-0.0549927754
-0.0556632016
-0.0550024634
-0.0540160238
-0.054215709
-0.0559729102
-0.0536822546
-0.05477436
-0.0531527316
-0.0546479316
-0.05453582
-0.0546342306
-0.0539372218
-0.0549351936
-0.0549263536
-0.0534600698
-0.054616475
-0.0543231226
-0.0543880786
-0.0524143036
-0.0536415962
-0.0530362244
-0.054135781
-0.053874332
-0.054192665
-0.0537420172
-0.054793967
-0.0546470216
-0.054584898
-0.0551497328
-0.0538787104
-0.0546696784
-0.0541331612
-0.0554630798
-0.0542492234
-0.0548780712
-0.0548458246
-0.0546527558
-0.055299766
-0.0542646766
-0.0539269532
-0.0542655622
-0.054321257
-0.0545624596
-0.054152168
-0.055461052
-0.0545752118
-0.0543802814
-0.0539517986
-0.0537770314
-0.053466706
-0.053104223
-0.0528167466
-0.054781842
-0.0529896492
-0.053882851
-0.0528903324
-0.0537812184
-0.0535582248
-0.0547274674
-0.0529713718
-0.0544822924
-0.053815265
-0.0555387152
-0.0553655788
-0.053365633
-0.0551634566
-0.0545178368
-0.052776417
-0.0533478288
-0.0529840456
-0.0534889914
-0.0544893188
-0.0544007164
-0.053396542
-0.053881999
-0.054505854
-0.0550644732
-0.0540899312
-0.053583857
-0.0539285188
-0.0545882908
-0.0547463138
-0.054213239
-0.053395445
-0.054958359
-0.054856525
-0.0558252772
-0.0544652344
-0.0541632558
-0.0538485892
-0.052341918
-0.0543126482
-0.0543893812
-0.0544729974
-0.053378845
-0.0543119764
-0.0545592184
-0.0549270378
-0.055269312
-0.0550451858
-0.0546044464
-0.0539291662
-0.0548297218
-0.0541332718
-0.0536458452
-0.0550967256
-0.0543821588
-0.0553589216
-0.0550031496
-0.0542206014
-0.0542419238
-0.054970526
-0.054930343
-0.0570196266
-0.0561638828
-0.0552063646
-0.055965683
-0.0560868652
-0.0561201272
-0.0554617178
-0.0549913772
-0.055728633
-0.0540774042
-0.0541082208
-0.0549322062
-0.0564170748
-0.056728139
-0.0554179628
-0.0549513462
-0.0542291058
-0.0551987738
-0.0560352976
-0.0558893738
-0.0554908312
-0.056797009
-0.0540642188
-0.0567795404
-0.0552495558
-0.0556665832
-0.05561744
-0.0558272476
-0.0548047244
-0.0566895906
-0.0559261366
-0.054637975
-0.0551488302
-0.053800447
-0.0551479482
-0.0541881018
-0.0547146724
-0.0546062768
-0.0546848446
-0.0555328144
-0.0577715074
-0.05686728
-0.0555528234
-0.0547999806
-0.0555197044
-0.0564210872
-0.0567731026
-0.054850198
-0.0558907556
-0.0560026478
-0.055764908
-0.0555913306
-0.0555776174
-0.0563780782
-0.0552543506
-0.055979105
-0.0560487112
-0.0561516146
-0.0577655172
-0.055243385
-0.0554864678
-0.0554340086
-0.056876592
-0.0559009086
-0.0574897556
-0.0567174584
-0.055818215
-0.0566227476
-0.0549831592
-0.0543376362
-0.0543008022
-0.0547645536
-0.055137248
-0.053965317
-0.054916114
-0.0559882916
-0.0562422928
-0.0557360082
-0.0549165664
-0.0558501972
-0.0554261564
-0.0551875918
-0.0561535984
-0.056384232
-0.0549207086
-0.0568512606
-0.055307363
-0.0540541108
-0.0548143048
-0.0545492362
-0.0555729186
-0.0559623144
-0.0559458838
-0.0552742184
-0.054928998
-0.0554976218
-0.0567803942
-0.0567908954
-0.0548785172
-0.055558382
-0.0552274862
-0.0544170148
-0.0559729872
-0.0552603834
-0.05556838
-0.0553152958
-0.0556387906
-0.054756491
-0.0551740242
-0.0563389246
-0.0547575358
-0.0554535232
-0.0561704184
-0.0560592036
-0.053074246
-0.055426856
-0.0547835732
-0.0543501126
-0.055023051
-0.0556055894
-0.0549001748
-0.0534805526
-0.0536752594
-0.0539397738
-0.0540572544
-0.0540889476
-0.0548524488
-0.0555932326
-0.0554940542
-0.0543899466
-0.0559824546
-0.054903443
-0.0555564866
-0.0571584274
-0.0554867822
-0.055425797
-0.0570368576
-0.0566166882
-0.0561738826
-0.0554673242
-0.0549222402
-0.0559738164
-0.0550474072
-0.0546518518
-0.0544235
-0.055988938
-0.0559806692
-0.0566099068
-0.0549193372
-0.0544854502
-0.0534632586
-0.0562363196
-0.0546221788
-0.053876078
-0.0551410172
-0.055470617
-0.0563727736
-0.054329698
-0.0555614038
-0.0560804236
-0.054145671
-0.0566094828
-0.056113858
-0.0550252918
-0.0547171914
-0.0553557688
-0.055251566
-0.0549938968
-0.0547680698
-0.055437308
-0.0554646976
-0.0551049688
-0.056127146
-0.0565838404
-0.0533617134
-0.054402342
-0.054142764
-0.0556822416
-0.054986393
-0.0551352374
-0.0547467874
-0.056405206
-0.0553274142
-0.0547966844
-0.055515279
-0.0556875002
-0.0540790608
-0.0576182118
-0.0571255122
-0.0566583128
-0.0559557852
-0.0567591922
-0.0567873166
-0.0553555106
-0.0574940172
-0.0560165828
-0.0566553826
-0.0559615418
-0.0561489992
-0.0549469004
-0.0554037072
-0.056138911
-0.0559743042
-0.0570607714
-0.055755688
-0.0564964102
-0.0551731442
-0.0555686716
-0.0551128524
-0.056245062
-0.0550010494
-0.0561118456
-0.0566933036
-0.0575174508
-0.0569320378
-0.0560085242
-0.056262423
-0.0560678178
-0.055808179
-0.0553798014
-0.0555684152
-0.0546046454
-0.0552762956
-0.0559950358
-0.0542802522
-0.055177818
-0.0563813356
-0.0553244794
-0.053959521
-0.0552968978
-0.0549396894
-0.0549274102
-0.0558748794
-0.0550851648
-0.0568680782
-0.0571748952
-0.0571289892
-0.055758525
-0.0570361028
-0.0567187674
-0.0550907844
-0.0548083504
-0.0556043438
-0.0551928392
-0.0576612408
-0.0565906288
-0.0578831778
-0.0565917188
-0.0571481376
-0.0550222262
-0.0552579534
-0.055810289
-0.0563138736
-0.0570231282
-0.0562465566
-0.0558269636
-0.0542628722
-0.056372262
-0.0569424138
-0.0561318418
-0.0550013116
-0.0562335766
-0.0571150286
-0.056381976
-0.0551112114
-0.0553310696
-0.0551234234
-0.056210853
-0.05582987
-0.055053201
-0.054285454
-0.0572197182
-0.0569128554
-0.0572882248
-0.0556906002
-0.0562890654
-0.0570158086
-0.0570912986
-0.05466732
-0.0552031052
-0.055389472
-0.0552284356
-0.0556059988
-0.0556426128
-0.0545347426
-0.0542158016
-0.0550343662
-0.0543015122
-0.0552903362
-0.0548156152
-0.0557621184
-0.0545798716
-0.0554908262
-0.0554800478
-0.0552386184
-0.0555672316
-0.0544710946
-0.0553376678
-0.0541660942
-0.056536903
-0.0567907878
-0.054937689
-0.0569232668
-0.0558226266
-0.0562830042
-0.056008474
-0.0560520294
-0.0556638658
-0.0560156078
-0.0566604036
-0.0570637416
-0.0565513526
-0.0548408346
-0.055635951
-0.0558089432
-0.0540898674
-0.0562280154
-0.054501726
-0.055631238
-0.0541040866
-0.0547416752
-0.0540291262
-0.0557342712
-0.056690012
-0.057138281
-0.0558590084
-0.056064268
-0.056754326
-0.0556340104
-0.0559576968
-0.0560778486
-0.0569615892
-0.0551023728
-0.0564375442
-0.0557365464
-0.0547582706
-0.0547882426
-0.0546050534
-0.056078217
-0.0546471686
-0.055941802
-0.0563803904
-0.0549691742
-0.0542128796
-0.0553486168
-0.0537186474
-0.055906465
-0.055865622
-0.0553485364
-0.055663538
-0.0535958154
-0.0557623896
-0.0558997106
-0.0552292474
-0.0565252592
-0.0573281558
-0.0564034796
-0.057104355
-0.0574188644
-0.0577094466
-0.0563959498
-0.0565370144
-0.0559281474
-0.0564104098
-0.0566339104
-0.056317321
-0.0562441696
-0.0552935104
-0.0562366462
-0.0549251788
-0.055374957
-0.0560389822
-0.0560496226
-0.0554813134
-0.054525424
-0.0543431138
-0.056050327
-0.0550965346
-0.0545832906
-0.0567498284
-0.0566766524
-0.0552062822
-0.0569001656
-0.0552822268
-0.0557208782
-0.0564424952
-0.0575610708
-0.0568694778
-0.0568255902
-0.0541633078
-0.0558750212
-0.0549521602
-0.0557003498
-0.054401074
-0.0560919084
-0.0572392544
-0.0565063782
-0.0564308546
-0.05616863
-0.05572581
-0.0550743424
-0.0560133658
-0.054228191
-0.0556888834
-0.0574430834
-0.055476084
-0.0555498422
-0.0553505664
-0.0553321396
-0.0559477506
-0.0564734516
-0.0574285878
-0.0560994358
-0.0571560196
-0.0555859716
-0.0554676358
-0.0555455002
-0.0567193048
-0.0554977988
-0.0551725384
-0.0563188508
-0.0547313796
-0.0562054326
-0.05574138
-0.0570026016
-0.0558306186
-0.0569202666
-0.0557582684
-0.0555423236
-0.0540964422
-0.0560843498
-0.0562665552
-0.0567880964
-0.0546519918
-0.055878875
-0.0555250036
-0.0551667484
-0.0557159588
-0.05658015
-0.0565273732
-0.0557894254
-0.056187985
-0.0555484122
-0.0573643758
-0.0557470628
-0.0556200534
-0.0542592348
-0.055008303
-0.0559442892
-0.0549615844
-0.0544965722
-0.0559126546
-0.0555743794
-0.0545994762
-0.0562608068
-0.0545198346
-0.0539404518
-0.0542723404
-0.0550696328
-0.0546671404
-0.0550428348
-0.0565501776
-0.0554303024
-0.0549539424
-0.05489343
-0.05544092
-0.0570765352
-0.0550056008
-0.056013552
-0.0552802192
-0.0542393868
-0.0555140078
-0.0558736848
-0.0551703714
-0.0557306818
-0.0561437276
-0.0561920838
-0.057111104
-0.0558412834
-0.057431887
-0.0561227988
-0.056239008
-0.0544892222
-0.0555075188
-0.055619025
-0.0558530662
-0.056669102
-0.0568623004
-0.056495983
-0.0556374326
-0.0563485492
-0.0558398586
-0.0550118218
-0.0554570336
-0.0548863476
-0.0567020506
-0.055667997
-0.0550729848
-0.0559911068
-0.0555603442
-0.0568229302
-0.0552596718
-0.055544037
-0.0548619054
-0.0554558916
-0.0556393758
-0.0553833406
-0.0557610548
-0.0570241922
-0.0555496398
-0.0560235132
-0.056096405
-0.0549084662
-0.0547298852
-0.0567498284
-0.05546532
-0.0553832202
-0.0557927782
-0.0561111094
-0.0556790314
-0.0560125606
-0.0544887674
-0.0556778876
-0.0546707192
-0.056517927
-0.0540602196
-0.055782863
-0.0541772438
-0.0561862628
-0.0560160084
-0.054897729
-0.055614889
-0.0567225618
-0.0555834894
-0.0559075994
-0.0549598546
-0.0545890558
-0.0553637884
-0.0562654104
-0.0555598668
-0.0566898428
-0.0556370646
-0.055938344
-0.0581482456
-0.0563252566
-0.055720472
-0.0568678516
-0.0567843252
-0.0565397912
-0.056124746
-0.0552397728
-0.056307391
-0.0564961996
-0.0560375622
-0.056118738
-0.0569332508
-0.0569522734
-0.0569560412
-0.0550423158
-0.056574792
-0.0562747862
-0.0549122746
-0.055702386
-0.0555513816
-0.0557583626
-0.0557943594
-0.0559538382
-0.0547249106
-0.0554915752
-0.0548634614
-0.055428931
-0.0556626108
-0.0553138118
-0.0555561938
-0.0547145804
-0.055064288
-0.0553608852
-0.0567107064
-0.0580755134
-0.0549286092
-0.0544369456
-0.0556737918
-0.054949282
-0.0554804914
-0.054379365
-0.0533912432
-0.0543122172
-0.0554768788
-0.05511298
-0.0549472242
-0.0552862176
-0.0570900144
-0.0562954264
-0.0561260328
-0.0561499858
-0.0551585762
-0.0577953314
-0.0561770946
-0.0568733034
-0.0552912136
-0.0561304204
-0.0562701836
-0.055739704
-0.0554012766
-0.0560134046
-0.0543571284
-0.0551904534
-0.0560348128
-0.0557951258
-0.0579693046
-0.0563158848
-0.0544352932
-0.0553438696
-0.0555944616
-0.0549680536
-0.0561369746
-0.0557830066
-0.0565576866
-0.0559506328
-0.0559869262
-0.0562712856
-0.0569462186
-0.0577729048
-0.0564447306
-0.0560470656
-0.0568254934
-0.0561136002
-0.0562711486
-0.0546734998
-0.057716586
-0.0565931554
-0.0562725808
-0.0567579426
-0.0560960582
-0.0577335742
-0.0563033406
-0.0567864626
-0.0563615588
-0.0550394558
-0.0578443928
-0.0572827486
-0.0559959588
-0.0571142622
-0.0572223458
-0.0558114882
-0.0561656646
-0.0552964386
-0.0557459392
-0.0553499858
-0.0548859598
-0.0552898654
-0.0551062644
-0.0559136346
-0.0575699882
-0.055022321
-0.0557386532
-0.0555018668
-0.0563867158
-0.0564673772
-0.055865496
-0.0558359386
-0.0564381526
-0.0566828286
-0.0558864448
-0.055955538
-0.0563713842
-0.0550542064
-0.0546989268
-0.0547755196
-0.0554154534
-0.0562285722
-0.0556820186
-0.0552342424
-0.0568820594
-0.0562393456
-0.0550976472
-0.05516039
-0.0548264214
-0.0563527756
-0.0561720426
-0.057228203
-0.056367681
-0.0551807896
-0.055103265
-0.0566902374
-0.0560109706
-0.0559457184
-0.0564125862
-0.054039193
-0.0548466908
-0.0572722446
-0.0552766872
-0.0551365344
-0.0560676358
-0.05649329
-0.0555489494
-0.056535962
-0.055447921
-0.0540034546
-0.0555318278
-0.0540368514
-0.0542771532
-0.0541639154
-0.0564200068
-0.0560313392
-0.055692628
-0.0567922378
-0.055943789
-0.0564147532
-0.0555985188
-0.055039108
-0.0562415378
-0.055814754
-0.0567041452
-0.0574407126
-0.055128614
-0.0546079922
-0.0565841802
-0.0554923936
-0.0558329242
-0.054879075
-0.056423824
-0.0558579222
-0.0573914606
-0.0568211006
-0.0562911624
-0.056552613
-0.0548602046
-0.0569895478
-0.0553006256
-0.0556786426
-0.0574011922
-0.0558956436
-0.0559612928
-0.0566315632
-0.0553135118
-0.055287374
-0.0560781726
-0.0542388618
-0.054930028
-0.05450421
-0.0548880936
-0.0541813688
-0.0541473506
-0.0547606182
-0.055907893
-0.0557989084
-0.0571037772
-0.0546453868
-0.0552729576
-0.056714919
-0.053985919
-0.054299027
-0.0544397196
-0.0540597526
-0.055149902
-0.0554550594
-0.0558058096
-0.0540927106
-0.0550621898
-0.0546366634
-0.0538136934
-0.0546184168
-0.0549911244
-0.0525461686
-0.0545604742
-0.0542121326
-0.0542759746
-0.0550856754
-0.0549614562
-0.0560017624
-0.055285677
-0.0530604686
-0.0543757844
-0.0544036264
-0.0544637728
-0.0547653476
-0.0555630024
-0.0542189574
-0.0550214658
-0.0549996308
-0.0561264294
-0.054160548
-0.0556194016
-0.0550038174
-0.0561386318
-0.0559914764
-0.0560038036
-0.0562117098
-0.0549311646
-0.055101407
-0.0566872428
-0.0564963182
-0.055611695
-0.0556472234
-0.0554916122
-0.0558372376
-0.0565369864
-0.055236086
-0.0560878706
-0.055670297
-0.0555660608
-0.0572305744
-0.0561958034
-0.0559091446
-0.056268225
-0.056776646
-0.05675106
-0.0565059354
-0.0570995314
-0.0574328304
-0.0580112414
-0.0557639796
-0.0561110766
-0.055763979
-0.0559921604
-0.0552222816
-0.0551233496
-0.055043771
-0.0536515752
-0.0534087986
-0.0554123088
-0.0559994222
-0.0555623846
-0.0569656364
-0.055854842
-0.0559562176
-0.056266147
-0.0564424432
-0.0554654182
-0.0554160404
-0.0560434004
-0.0553210124
-0.0561759612
-0.0565758266
-0.0560559464
-0.054081994
-0.0553161148
-0.0554005082
-0.0555526086
-0.0563414562
-0.0563782736
-0.0563029004
-0.055463209
-0.054276473
-0.0535485194
-0.0546485302
-0.0570972996
-0.0564154214
-0.0566083578
-0.0560895098
-0.055771871
-0.056127236
-0.0558834904
-0.0554373148
-0.055156681
-0.0555446672
-0.0562656714
-0.0557578216
-0.05678028
-0.0558052092
-0.0566969302
-0.0555723634
-0.0549997612
-0.0559775504
-0.0564271236
-0.0551504884
-0.0557071468
-0.0550609486
-0.0563863096
-0.0544563538
-0.0545209064
-0.0556138328
-0.0553270648
-0.0542364218
-0.0546542884
-0.0567768048
-0.0562391572
-0.0563956434
-0.0565989342
-0.0541495224
-0.0543971746
-0.0556969288
-0.0555601534
-0.0542689216
-0.054421969
-0.0557759646
-0.0546044062
-0.0543895296
-0.0572346224
-0.0554820178
-0.0546852906
-0.055735792
-0.0549946154
-0.0546891814
-0.0537394534
-0.0540006942
-0.0549153008
-0.0550167882
-0.0548292994
-0.0559726824
-0.0547424012
-0.0539688672
-0.0534313526
-0.0553353282
-0.0556228058
-0.0554720304
-0.053647339
-0.0543387608
-0.0544968112
-0.0554454266
-0.0550451874
-0.0555261228
-0.0554413416
-0.0567483818
-0.0550044854
-0.0556150364
-0.0547645646
-0.0544029504
-0.053788909
-0.0547471686
-0.0544195076
-0.0542905156
-0.0557350742
-0.0555186334
-0.0553434924
-0.0548861932
-0.0556515006
-0.0542948596
-0.0556280768
-0.0551699636
-0.0558837756
-0.0558105568
-0.0563335662
-0.0572104096
-0.0548456698
-0.0556501362
-0.0555022886
-0.0539874132
-0.0556523646
-0.0552101896
-0.0559128884
-0.0560713752
-0.0555583944
-0.0550922662
-0.0569405596
-0.0572252344
-0.0557036682
-0.0557299048
-0.055958339
-0.0536116604
-0.056390092
-0.0553567362
-0.0548034206
-0.0545191528
-0.054555525
-0.0546816634
-0.0543475666
-0.054708854
-0.0554258046
-0.0546431816
-0.056146724
-0.0559136682
-0.0564422978
-0.0553561946
-0.0551863756
-0.0555209768
-0.0549577738
-0.055956428
-0.0547165072
-0.0560684332
-0.0550479176
-0.0546006866
-0.0548576602
-0.0549820618
-0.0547783796
-0.0558568064
-0.0547839212
-0.055887386
-0.0558029872
-0.0553965654
-0.0559662366
-0.0551051238
-0.0557953308
-0.0551221272
-0.0548863184
-0.0547163058
-0.0541308284
-0.0528481648
-0.0538198964
-0.0541755596
-0.0542015374
-0.053817346
-0.054030212
-0.0542277572
-0.0540208328
-0.0543314268
-0.0557834244
-0.054811135
-0.055372057
-0.0557099252
-0.054245831
-0.0552405882
-0.05593178
-0.0559087208
-0.0550315438
-0.0550738014
-0.0548591888
-0.0548203792
-0.0547832762
-0.0538791894
-0.0540393862
-0.0544281248
-0.0553879556
-0.054725473
-0.0559616458
-0.0543383088
-0.0554250058
-0.0557390952
-0.0555307608
-0.0560231724
-0.0553319348
-0.0549739442
-0.0541915418
-0.0554957568
-0.0549123724
-0.0548054728
-0.0543325752
-0.0551856828
-0.0555928798
-0.0559269576
-0.0554198228
-0.0560079556
-0.0560079556