-0.0635616638
-0.0639314688
-0.0644216476
-0.0639761562
-0.0629681862
-0.063682326
-0.0639580942
-0.063061656
-0.0624329178
-0.0634880026
-0.0639269558
-0.0652950262
-0.06473392
-0.0636762062
-0.0629784476
-0.0635690774
-0.0641542266
-0.062839344
-0.0636881024
-0.0626344656
-0.0626542806
-0.0626549098
-0.0640103166
-0.0636780194
-0.0643461228
-0.0644840202
-0.0643208008
-0.0637807544
-0.0648865124
-0.0630278728
-0.0646651068
-0.0659692884
-0.064715426
-0.0647076288
-0.064681512
-0.0647336156
-0.064943747
-0.0650646254
-0.0658628134
-0.0638229528
-0.065298768
-0.0638955968
-0.064694182
-0.0640454302
-0.064361063
-0.0624773072
-0.0620947826
-0.0636623286
-0.0629214444
-0.064123549
-0.064440424
-0.063957789
-0.0637803152
-0.0639545892
-0.0646340468
-0.065037431
-0.0644122716
-0.0635554212
-0.064689244
-0.0633957502
-0.0644888938
-0.0647040308
-0.0644536808
-0.0642926278
-0.0644638506
-0.0641868268
-0.0653123708
-0.0640743366
-0.0621014646
-0.0635564248
-0.063038085
-0.0618322398
-0.0641961708
-0.0644894256
-0.063365209
-0.0643388358
-0.064519895
-0.0632204762
-0.0623119028
-0.0635962644
-0.0638420158
-0.0636255096
-0.0646544746
-0.0635154968
-0.0636765982
-0.0634359064
-0.0628654446
-0.0628728314
-0.0632231394
-0.0629835898
-0.0624710542
-0.0627147426
-0.0641367378
-0.064543542
-0.0640760538
-0.0643788004
-0.0635212506
-0.0625842514
-0.0612479932
-0.063473209
-0.0624083772
-0.0632486132
-0.0636160848
-0.0638351288
-0.0628981756
-0.0646319254
-0.0628825224
-0.0648531184
-0.0652480852
-0.0651848574
-0.0643647284
-0.0644284946
-0.0653209062
-0.0647030726
-0.064760905
-0.063703562
-0.064231739
-0.0640101492
-0.0648821484
-0.0633726546
-0.0640887736
-0.062988416
-0.0643673152
-0.0645730552
-0.0634557614
-0.0626428284
-0.0636455744
-0.0636637262
-0.0630757438
-0.0638285892
-0.0626348162
-0.062902992
-0.0642051228
-0.0633249502
-0.0653662258
-0.064587112
-0.0631152782
-0.0646665136
-0.0638889196
-0.0637703148
-0.0650685044
-0.064745383
-0.0652991712
-0.0634110938
-0.06340218
-0.063987632
-0.0644534322
-0.0653304184
-0.064552962
-0.064201375
-0.0637159744
-0.0629970264
-0.0639791002
-0.0632697176
-0.0635929668
-0.0634297132
-0.0648762616
-0.0637284134
-0.0629663642
-0.0639900674
-0.0637301916
-0.0635529036
-0.064101308
-0.0651572868
-0.0646963448
-0.0634128844
-0.0634128844