-0.0724404974
-0.071058285
-0.0725180126
-0.072325543
-0.071897211
-0.0715465728
-0.0716018696
-0.071465275
-0.0709269406
-0.0711960832
-0.0724043198
-0.0743204668
-0.073540741
-0.0731875706
-0.0726532566
-0.0716867578
-0.0698345036
-0.0701496294
-0.0703884588
-0.0736522122
-0.0719615834
-0.0723808904
-0.0724584776
-0.0700166046
-0.0731763768
-0.0717454246
-0.071220614
-0.0714609536
-0.0733835074
-0.0730985328
-0.0716305468
-0.0721317988
-0.0731509614
-0.0726660158
-0.0733206486
-0.072582428
-0.0733243306
-0.072230297
-0.0727161192
-0.0722486976
-0.0739675706
-0.0733737902
-0.0726815658
-0.0727596102
-0.0740982524
-0.0724960552
-0.073628183
-0.0709951684
-0.0719066572
-0.0732527476
-0.0729363672
-0.0727445712
-0.072616497
-0.0727243872
-0.073097882
-0.0734566496
-0.0730783634
-0.0736945314
-0.072409924
-0.0731866754
-0.0718822126
-0.0724089986
-0.0728648918
-0.0723825374
-0.0726059946
-0.0740889028
-0.0713749942
-0.0723233784
-0.073915173
-0.072418557
-0.0735735788
-0.0704988376
-0.0714740142
-0.0727427894
-0.0723975292
-0.0737853096
-0.07289639
-0.071968216
-0.0725609434
-0.0732522238
-0.073165063
-0.0726680056
-0.072981542
-0.0708796016
-0.073747493
-0.0723635144
-0.0747682992
-0.0723005872
-0.074071415
-0.0726149172
-0.0721954982
-0.0723151978
-0.0721268626
-0.0725191878
-0.0733748876
-0.0730113858
-0.0709605194
-0.0704641608
-0.0723109584
-0.0722662698
-0.0707584018
-0.072175001
-0.0714216848
-0.0733378
-0.0730069166
-0.0728412236
-0.0713308782
-0.0744472498
-0.0750302894
-0.0728302228
-0.073039921
-0.0730262668
-0.0727991566
-0.0730395502
-0.0731662918
-0.07453578
-0.0723971408
-0.074024793
-0.0730815072
-0.0720640606
-0.072806986
-0.0723354636
-0.0722158122
-0.0731943404
-0.0729719364
-0.0724974454
-0.0724012188
-0.0711829094
-0.073574784
-0.0736825174
-0.072864862
-0.071075351
-0.0725377286
-0.0709522124
-0.0736304748
-0.0716877486
-0.0712890748
-0.072704854
-0.0717817192
-0.070874965
-0.0707213622
-0.0727493688
-0.0694972724
-0.0713838096
-0.071431593
-0.0719271714
-0.071506269
-0.071028392
-0.071856094
-0.0715505788
-0.0717563036
-0.0718836334
-0.0734723056
-0.0722036766
-0.0744081104
-0.071770167
-0.0721170956
-0.0711112596
-0.0707057238
-0.0694501544
-0.0719180162
-0.0715191462
-0.0709365588
-0.0727610644
-0.072623075
-0.0712226774
-0.0714243498
-0.0708003526
-0.0731472408
-0.0725727956
-0.0723761048
-0.0720845006
-0.0722781796
-0.0720715884
-0.0712957952
-0.072994667
-0.073453365
-0.0711411728
-0.0740517738
-0.0727082596
-0.0708784846
-0.0733755576
-0.0716168448
-0.0716244354
-0.0718846444
-0.0736382662
-0.0739513746
-0.0718915512
-0.0731519892
-0.0720973694
-0.0713365158
-0.0732438654
-0.0744999614
-0.0735708478
-0.0720794788
-0.0717043866
-0.0708787798
-0.0724578048
-0.07101055
-0.0723915466
-0.071815623
-0.0720755888
-0.0725846934
-0.0729180844
-0.073669761
-0.0713411276
-0.073045078
-0.072607219
-0.0729496328
-0.073347451
-0.0725282768
-0.0731128388
-0.0735661264
-0.072572893
-0.072802939
-0.0732976332
-0.073072886
-0.0727127358
-0.0722936092
-0.0719407676
-0.0730174604
-0.072653668
-0.0730598634
-0.0727131856
-0.0710820144
-0.073051431
-0.0734437068
-0.0723767922
-0.0736628214
-0.0716364664
-0.0714658942
-0.0723084394
-0.0721698432
-0.0729855818
-0.071382057
-0.071211902
-0.0720726018
-0.0697678292
-0.0705547572
-0.0719284618
-0.072146061
-0.0725762402
-0.0725683984
-0.072350496
-0.0718470806
-0.0721924802
-0.0717644448
-0.071885441
-0.0711879
-0.0726164098
-0.0729481648
-0.0730434032
-0.0724451158
-0.0719545826
-0.0722603714
-0.0735790136
-0.0728483544
-0.0725142502
-0.0724894794
-0.0726666488
-0.0735015902
-0.0739803576
-0.0731868902
-0.0737690106
-0.0732269214
-0.0739879714
-0.073138376
-0.0723313006
-0.0735516174
-0.072735484
-0.0726978062
-0.0744882428
-0.0745102006
-0.0737792312
-0.07344577
-0.0737632566
-0.0740636258
-0.0730394666
-0.073428806
-0.0742563114
-0.0722432964
-0.0731497592
-0.0742323314
-0.0745594396
-0.0730796078
-0.0743941466
-0.075023502
-0.0730603364
-0.0731588518
-0.0743022116
-0.0726239862
-0.0743040182
-0.0745128424
-0.0733727266
-0.0734510876
-0.0751922104
-0.0745353506
-0.0734030474
-0.0745597332
-0.0732842716
-0.0729932564
-0.072414519
-0.0739838874
-0.0743036862
-0.0732716558
-0.0734519374
-0.0737724564
-0.073437125
-0.0726402374
-0.0745197616
-0.072625648
-0.0727832352
-0.0718984064
-0.0724778458
-0.07212173
-0.073534823
-0.0739853772
-0.0723445566
-0.0718224262
-0.0720066418
-0.0731701306
-0.0745289774
-0.073819802
-0.072848058
-0.0727292634
-0.0713380092
-0.0731444762
-0.0733564218
-0.0713417614
-0.0741329766
-0.072066477
-0.0737697372
-0.0729479766
-0.073649512
-0.0727783438
-0.0717198284
-0.0718845924
-0.072587975
-0.0722507014
-0.0718618066
-0.0726968898
-0.072555309
-0.072936453
-0.0719866966
-0.0716636086
-0.07199183
-0.0734262792
-0.0728892288
-0.0730249378
-0.073176853
-0.0724420596
-0.0736354486
-0.0723029808
-0.0737790016
-0.0728152898
-0.0728206
-0.073503363
-0.072882079
-0.07098281
-0.0715408932
-0.072627462
-0.0712205122
-0.0711026668
-0.071095964
-0.0716960232
-0.071441379
-0.0713771342
-0.0725248424
-0.0724631372
-0.0713104696
-0.0734486728
-0.073823183
-0.0715855778
-0.071576767
-0.0729937168
-0.0736257414
-0.072328907
-0.0720600946
-0.0722782862
-0.0715387614
-0.0732926068
-0.0726977106
-0.072580956
-0.0731675488
-0.0735497372
-0.0725154092
-0.0725423202
-0.072180226
-0.0715780268
-0.0711998458
-0.0722858076
-0.072294105
-0.0731264702
-0.0711989636
-0.0712275516
-0.0730968346
-0.071651977
-0.072128517
-0.0719166952
-0.0716455284
-0.0717050484
-0.070972328
-0.0716350346
-0.0715709142
-0.0706328818
-0.0707639976
-0.07204781
-0.0716453114
-0.0715082326
-0.0733078186
-0.0719184818
-0.0729758206
-0.0730760482
-0.0729096502
-0.0718561258
-0.0726259018
-0.0723241618
-0.0724770426
-0.073333729
-0.071566145
-0.0716971892
-0.0727881926
-0.0725760724
-0.0727340086
-0.073833489
-0.073469477
-0.0747150036
-0.072051405
-0.073796451
-0.0722406608
-0.0721161546
-0.0712262702
-0.0714804214
-0.0715720708
-0.0723685218
-0.072804335
-0.0722679668
-0.073988465
-0.0721040516
-0.072586788
-0.0717432468
-0.0724854868
-0.0725478058
-0.0720972312
-0.0713467424
-0.0706622396
-0.072695158
-0.0723617432
-0.0716581216
-0.0714639848
-0.071741718
-0.0725060576
-0.0724300878
-0.0719775386
-0.0723008922
-0.0727292716
-0.0732191724
-0.0731063496
-0.0725583026
-0.0718237932
-0.0730259486
-0.073160011
-0.0730869186
-0.0733721786
-0.0726059624
-0.0713288694
-0.0716353816
-0.072017462
-0.0728014288
-0.0728065156
-0.0735778576
-0.071948607
-0.0721811882
-0.072810874
-0.0713213802
-0.0741094734
-0.0730931104
-0.071784514
-0.073612805
-0.0730510868
-0.0713044606
-0.0712905106
-0.0709818744
-0.0732975868
-0.0729254536
-0.0711740992
-0.0725226016
-0.0729513706
-0.0724443654
-0.0720242204
-0.0729032978
-0.0742472642
-0.072711043
-0.0721894876
-0.073776732
-0.0721639726
-0.0732796312
-0.0721932204
-0.072958401
-0.0714648972
-0.0722996614
-0.0724293088
-0.0740768456
-0.073359874
-0.0728924552
-0.0730207874
-0.0731106242
-0.0737767646
-0.0728545698
-0.0728545698