-0.059530745
-0.0608648646
-0.0595253068
-0.0607778556
-0.0590133332
-0.0575799808
-0.0604274154
-0.0575431746
-0.0596272534
-0.0604629224
-0.0592723834
-0.0593426904
-0.0602504308
-0.058358371
-0.057813362
-0.0596166002
-0.059351114
-0.0586610318
-0.0585383408
-0.059064273
-0.0611952008
-0.0600375706
-0.0609748476
-0.061280397
-0.060230375
-0.0592625342
-0.0593501834
-0.0601661652
-0.0603178492
-0.0604076016
-0.0590605022
-0.0597058872
-0.0577810634
-0.0602429862
-0.058674942
-0.0606512972
-0.0592511254
-0.060586864
-0.061572773
-0.0603252938
-0.0607078876
-0.0588088
-0.061287231
-0.060930005
-0.0607905152
-0.0598888236
-0.0596865682
-0.05989083
-0.0606514908
-0.0603169186
-0.0594571514
-0.061207395
-0.0601941794
-0.0608042804
-0.0599200948
-0.0602781546
-0.0594946946
-0.0593008144
-0.0590954958
-0.0603638644
-0.0598446696
-0.0603272034
-0.0588538846
-0.0606069682
-0.0620083908
-0.0615555574
-0.0613085376
-0.0601323928
-0.0607793484
-0.0599581032
-0.0613279828
-0.061795259
-0.0593794482
-0.0587609236
-0.0595830994
-0.0594408178
-0.0595207506
-0.0584269432
-0.0588399258
-0.0593797198
-0.0605543422
-0.059173102
-0.0597730152
-0.058759993
-0.0595066952
-0.0609140884
-0.060007647
-0.0607543196
-0.0599457152
-0.0591114608
-0.060113316
-0.0600050004
-0.0598052168
-0.0591474628
-0.059861662
-0.0611656642
-0.0598663148
-0.0607553954
-0.0605246606
-0.0589595534
-0.0605329874
-0.0608406696
-0.0596899706
-0.0608216896
-0.059967729
-0.0599883954
-0.0606916024
-0.059552904
-0.0593501834
-0.0594347692
-0.0611451916
-0.0592394448
-0.0595569948
-0.0587496114
-0.0589244148
-0.059002118
-0.0594597978
-0.0602270696
-0.060727653
-0.06009294
-0.059716812
-0.06016031
-0.0607889742
-0.059461901
-0.0584104348
-0.0596833596
-0.0594635686
-0.0591601708
-0.061265731
-0.0590207778
-0.0584105316
-0.060401456
-0.0609090186
-0.0603479962
-0.0597390006
-0.0603342312
-0.0595269446
-0.0594806874
-0.0587389582
-0.0593503286
-0.0572676456
-0.0594129006
-0.059215395
-0.0597958626
-0.0593792062
-0.0598636012
-0.059111364
-0.0600930368
-0.059863698
-0.0588440166
-0.0597833966
-0.0596126358
-0.060564065
-0.0601135096
-0.0589623748
-0.0598880866
-0.059480639
-0.059530425
-0.0588142382
-0.060977833
-0.058875191
-0.0576558228
-0.0593139878
-0.0586815044
-0.058724069
-0.0588567246
-0.059312495
-0.0593445516
-0.0613723304
-0.0593939206
-0.0602400492
-0.060077217
-0.0584128582
-0.061279001
-0.0606892276
-0.060498798
-0.060605282
-0.0596027382
-0.061694485
-0.0595857942
-0.060338322
-0.0607264022
-0.0591322536
-0.0600379876
-0.0610646482
-0.0595582938
-0.0604804582
-0.0593763848
-0.0584146224
-0.0608742672
-0.0585173544
-0.0585613632
-0.0593919142
-0.0585771346
-0.0588816082
-0.0606816378
-0.0591216486
-0.0585998072
-0.058955831
-0.0604474712
-0.0608560242
-0.0607278466
-0.0597323602
-0.060720305
-0.0603967546
-0.0593412462
-0.0587376592
-0.0597981408
-0.0596398162
-0.0597474242
-0.0599064562
-0.0596983456
-0.058835835
-0.059717471
-0.0601584974
-0.0601104274
-0.0592775984
-0.0593905184
-0.0593439894
-0.0593439894