-0.0690599916
-0.0696374144
-0.0689383912
-0.0695230932
-0.0688249052
-0.0707049694
-0.0703014426
-0.0702573054
-0.0694420768
-0.0694992834
-0.0695006586
-0.070443397
-0.0720984518
-0.0703096344
-0.0707029236
-0.0707971124
-0.0708889652
-0.0706359598
-0.07111486
-0.0707083812
-0.070810848
-0.0703480446
-0.070501683
-0.0692983456
-0.070713042
-0.0704668198
-0.069514364
-0.0702266314
-0.0693672658
-0.0701005906
-0.0696140986
-0.0700364598
-0.068592539
-0.0705017776
-0.0705002212
-0.0698898198
-0.0702229502
-0.0704177088
-0.0692625006
-0.0704682214
-0.0704621448
-0.070514222
-0.0700916576
-0.0698722294
-0.069620289
-0.0696110088
-0.0696420236
-0.071007826
-0.0694995298
-0.0706500192
-0.0692336052
-0.0713965446
-0.070552143
-0.0699062806
-0.0704692234
-0.0701787672
-0.069954237
-0.0691248052
-0.0692677478
-0.0688542316
-0.0689299224
-0.069097693
-0.0695972476
-0.0695873524
-0.069346488
-0.0704677972
-0.0703003988
-0.0686646432
-0.0699747816
-0.0697864462
-0.0694486222
-0.067444627
-0.0683913832
-0.0683579338
-0.0690827574
-0.06986944
-0.0689821228
-0.068612584
-0.0690478498
-0.0688454696
-0.069175876
-0.0686590516
-0.068280804
-0.0687946642
-0.0685416122
-0.0689304852
-0.068540397
-0.0694887024
-0.069106774
-0.0689715928
-0.0698567156
-0.0708567002
-0.069195279
-0.0684263148
-0.0684062448
-0.0692215608
-0.0700186728
-0.0703280202
-0.0685883714
-0.0680835598
-0.0687536442
-0.0687381564
-0.069197893
-0.069712838
-0.0689963308
-0.0698991988
-0.0669271028
-0.06922395
-0.0697170242
-0.070282113
-0.0699227746
-0.0699725262
-0.0694481438
-0.0716646228
-0.0698281776
-0.069984661
-0.0710240812
-0.0698320096
-0.0703179552
-0.0694673052
-0.0692815312
-0.068749698
-0.0686631982
-0.069947206
-0.0683036664
-0.0698334364
-0.0681847004
-0.0693555832
-0.0706200982
-0.0695716962
-0.0686474098
-0.0686715342
-0.069874032
-0.070753805
-0.0695732332
-0.069814529
-0.0703557478
-0.0686035304
-0.0687222056
-0.0699143096
-0.0693799182
-0.0701212786
-0.0714986658
-0.0696708788
-0.0685699372
-0.0694603562
-0.0697248074
-0.0706866652
-0.0693950468
-0.0696371654
-0.0692755708
-0.070738667
-0.0706258866
-0.070469656
-0.0701199316
-0.0699852678
-0.070499149
-0.0701150552
-0.0707139048
-0.0699698384
-0.0709129162
-0.06968535
-0.0702959334
-0.0699603664
-0.0702562634
-0.0701236302
-0.0712720664
-0.069896565
-0.0700289
-0.0695330818
-0.0712158652
-0.0704354586
-0.0704963456
-0.070487873
-0.0704071326
-0.0707448862
-0.0700674066
-0.0705333358
-0.0685195428
-0.0692785422
-0.0702926122
-0.0696872106
-0.070064961
-0.0683529238
-0.0705473446
-0.070615531
-0.068777883
-0.068604582
-0.0690721554
-0.068347631
-0.0696920268
-0.0705147578
-0.0712357854
-0.0696680578
-0.0700899238
-0.0687508202
-0.0692393146
-0.0711344908
-0.0700324558
-0.0701396378
-0.0699425586
-0.0692223212
-0.0690449312
-0.0712344116
-0.0697238608
-0.0700158124
-0.0683797874
-0.0707911506
-0.069736035
-0.0694698762
-0.0696714052
-0.0689268182
-0.069823725
-0.070355846
-0.0693477234
-0.070216426
-0.0695878872
-0.0696479758
-0.07003553
-0.069457886
-0.0699686656
-0.0686303372
-0.0698243728
-0.069972787
-0.0676389496
-0.0692021186
-0.0692060384
-0.0684706202
-0.0699602166
-0.0694986082
-0.0684119912
-0.0702421094
-0.0711475162
-0.0706165384
-0.0689925598
-0.070118595
-0.0686559734
-0.068440056
-0.068792926
-0.0700544096
-0.0692532014
-0.0691910406
-0.0701320052
-0.0702734032
-0.0684506894
-0.0695324454
-0.069163719
-0.0690910502
-0.0694017596
-0.0701202868
-0.069820171
-0.06987159
-0.0702365288
-0.0702617148
-0.069041768
-0.0698898062
-0.0697547378
-0.0694437802
-0.0696113812
-0.0695206272
-0.0687049942
-0.068929994
-0.0701408044
-0.0705175238
-0.0696328134
-0.0693062402
-0.0692102632
-0.0693039618
-0.0694329722
-0.0703825362
-0.0709463808
-0.0692444254
-0.0704093702
-0.0695001208
-0.0698524706
-0.070398938
-0.070356324
-0.0695447556
-0.0693573736
-0.0693181114
-0.0713727466
-0.0696031728
-0.068979061
-0.0701553194
-0.0692196958
-0.0685489786
-0.0695164372
-0.0703635254
-0.0696023924
-0.069057496
-0.0703611426
-0.0694652758
-0.0689554616
-0.0696300644
-0.0691467002
-0.0698487138
-0.0700039526
-0.0700255892
-0.0686709916
-0.0695467198
-0.0698835248
-0.0713886168
-0.0690357994
-0.069063372
-0.0679513902
-0.0679714518
-0.0683013634
-0.068804944
-0.0689304814
-0.0691995774
-0.0685615632
-0.0694249442
-0.0691452598
-0.0696136406
-0.0696399142
-0.0691503888
-0.0703501194
-0.0691135398
-0.0702052534
-0.0700296676
-0.0685715662
-0.0684817386
-0.067816993
-0.0675751808
-0.0699482238
-0.0691910156
-0.069378
-0.0682809978
-0.0673769868
-0.0700298134
-0.0686936148
-0.070696442
-0.0688845266
-0.0688160456
-0.0690917162
-0.0695186716
-0.068703663
-0.0687965186
-0.0694524786
-0.0712651158
-0.0706778014
-0.0688864956
-0.0701779136
-0.0698768378
-0.0690638878
-0.0705576804
-0.0697362702
-0.0691509062
-0.0694249016
-0.0697267842
-0.0707805702
-0.0707318024
-0.071123999
-0.0705019232
-0.0707701046
-0.0697954398
-0.069879772
-0.0695336802
-0.0700693002
-0.0698719426
-0.0700469118
-0.0698400424
-0.0685237574
-0.0699120522
-0.0694040696
-0.0684778412
-0.0699255612
-0.0681648438
-0.0693156374
-0.0692038744
-0.069587404
-0.0693001572
-0.0689512878
-0.0684367612
-0.0691976464
-0.0687909082
-0.0698964388
-0.0690544976
-0.0693935518
-0.0698082646
-0.0696609118
-0.0692663198
-0.0696353004
-0.068816077
-0.0696830936
-0.0681341226
-0.0703885538
-0.0699470702
-0.0697464324
-0.0704313238
-0.0700476086
-0.0708023914
-0.0695814292
-0.0693881058
-0.070950791
-0.0697363364
-0.0704816882
-0.0697938478
-0.0708278516
-0.0692282842
-0.0697439466
-0.0696745874
-0.069447574
-0.0698511866
-0.0709179754
-0.0689915406
-0.0682344378
-0.0700062864
-0.0673870798
-0.0681360874
-0.0698957274
-0.068485488
-0.0689840526
-0.069353341
-0.0697229964
-0.0692324112
-0.070870466
-0.069135732
-0.0705142848
-0.0695589326
-0.0701342872
-0.0706475484
-0.0695123608
-0.0692350336
-0.0689105312
-0.0697666068
-0.068768763
-0.069178846
-0.0702586968
-0.0701186142
-0.0705354402
-0.0716705508
-0.0698545206
-0.0704793678
-0.0696407606
-0.0683389374
-0.0693582822
-0.0689662042
-0.0703260526
-0.0697006132
-0.0697420856
-0.0677945284
-0.0688824268
-0.0697503072
-0.0686626736
-0.0704640346
-0.0702477044
-0.0689707774
-0.0689069488
-0.0693773162
-0.0691617508
-0.0692520032
-0.0696539372
-0.0705423778
-0.0686284754
-0.0678176928
-0.0681718164
-0.0685006122
-0.0687208224
-0.0702802728
-0.067739427
-0.0689357174
-0.0688350162
-0.0693511066
-0.0688526616
-0.0692550484
-0.0704570842
-0.0690762996
-0.0690796486
-0.0702737888
-0.0701365488
-0.0678643956
-0.0688346154
-0.0689652216
-0.0701065684
-0.069794868
-0.0711647268
-0.070109887
-0.0690619368
-0.0685971614
-0.0700204216
-0.0689587346
-0.0710212668
-0.0703599464
-0.069890426
-0.0703810532
-0.0710983548
-0.0697557688
-0.070805354
-0.0700624906
-0.0704270366
-0.0705365428
-0.068154543
-0.0692341798
-0.0689338296
-0.0687245002
-0.0698093068
-0.0695664192
-0.0695270598
-0.0690618176
-0.0689634192
-0.0696609006
-0.0686366476
-0.0682243098
-0.0684883564
-0.0693570272
-0.0687368402
-0.0695060264
-0.06841702
-0.0691606894
-0.0684189886
-0.0685344482
-0.0696502524
-0.0693090592
-0.0682168032
-0.0695091466
-0.0691948884
-0.0691477894
-0.067758821
-0.0677528376
-0.0675337882
-0.0687337842
-0.069148841
-0.06979608
-0.0695462186
-0.069058229
-0.0674268104
-0.0690731982
-0.069878074
-0.0693711256
-0.0698361398
-0.0697390324
-0.068556367
-0.068537439
-0.0691660218
-0.068367475
-0.0689000582
-0.0688000064
-0.0698815606
-0.0692641092
-0.0679650078
-0.0699627692
-0.0700397526
-0.0680280418
-0.0697472978
-0.0686715714
-0.0689977296
-0.0684075436
-0.0673299956
-0.070140042
-0.0696450552
-0.0684124438
-0.0681326662
-0.0692206188
-0.067620067
-0.0685149316
-0.0671249912
-0.0676162434
-0.0683571612
-0.0691831206
-0.0693449262
-0.0684670742
-0.0697863078
-0.0687628316
-0.0685364106
-0.0689748278
-0.0704297422
-0.069125833
-0.0699514254
-0.0688545448
-0.0694161844
-0.0689171312
-0.0688796926
-0.0691915364
-0.0691733244
-0.0699769872
-0.0697082562
-0.0685655698
-0.0682582172
-0.0691411152
-0.0693652614
-0.06988409
-0.0692723764
-0.0689783116
-0.0691388876
-0.07101581
-0.0698645898
-0.0703538286
-0.069735792
-0.0683388086
-0.0688378906
-0.069463397
-0.0693512578
-0.069622706
-0.0679696988
-0.0688074586
-0.0701440018
-0.0698122982
-0.0703924974
-0.0696778824
-0.069769784
-0.069281848
-0.06876015
-0.0696012144
-0.0673884152
-0.0687856048
-0.0687483044
-0.0697553934
-0.0690252592
-0.0682006502
-0.0678225846
-0.0681979008
-0.0687699294
-0.0697865948
-0.0679930256
-0.0692749718
-0.0691235018
-0.0713774682
-0.0696746492
-0.069631152
-0.0688961946
-0.0692265568
-0.0699906892
-0.0698406116
-0.0694180618
-0.0699455726
-0.0694228446
-0.0691261192
-0.068676838
-0.0677163276
-0.07014248
-0.0705844456
-0.070417222
-0.0680420816
-0.0696237258
-0.0699144464
-0.070180522
-0.0680202042
-0.0690234614
-0.0693054462
-0.0706841966
-0.0679190152
-0.0694041372
-0.0675756346
-0.0698440142
-0.0689010576
-0.069399916
-0.0687309258
-0.0693495638
-0.0693338128
-0.069792854
-0.0689588956
-0.0698656368
-0.068904285
-0.0698827352
-0.0699030918
-0.0703203078
-0.069906387
-0.0693939126
-0.0715360924
-0.0705100494
-0.0694025442
-0.0694036622
-0.0696259094
-0.0692434688
-0.0704137492
-0.0696259556
-0.0710413112
-0.0707964738
-0.0693347828
-0.0694974318
-0.0697839356
-0.070018698
-0.0693265688
-0.070205586
-0.0691730346
-0.0694204494
-0.0693322172
-0.0687586598
-0.0711673282
-0.0708733576
-0.0699382996
-0.0694152812
-0.0708423156
-0.0701977626
-0.0690804188
-0.0689810752
-0.0683166028
-0.0699898894
-0.0699771064
-0.0693846578
-0.0682126614
-0.070185682
-0.0706197074
-0.0695209248
-0.0684307384
-0.0696783692
-0.069292373
-0.0703844014
-0.0709005368
-0.0709533906
-0.0693300712
-0.0711589112
-0.0696803534
-0.0697646936
-0.070962743
-0.0701384848
-0.070713761
-0.0715472902
-0.0693119874
-0.0702084082
-0.0694710074
-0.0706496006
-0.0705170544
-0.0700380744
-0.0699698676
-0.0688221258
-0.0683553712
-0.0696012998
-0.0694446844
-0.0700898516
-0.0703372644
-0.0700418154
-0.0711908632
-0.0690846334
-0.0695567956
-0.068871962
-0.0688166874
-0.0705001604
-0.0692809474
-0.0691148666
-0.0695859722
-0.0695504164
-0.0699261208
-0.0686704738
-0.0701249728
-0.0696615284
-0.0707329024
-0.0706158818
-0.0715334488
-0.0714802046
-0.0706381606
-0.0704438024
-0.069571063
-0.0690871028
-0.0708511538
-0.0695978958
-0.0701752666
-0.070004465
-0.0693144498
-0.0692333736
-0.0700297342
-0.0696828994
-0.0699528494
-0.0700785742
-0.0707523584
-0.0701963118
-0.0701540592
-0.0690835518
-0.0698547264
-0.0697397508
-0.0688052194
-0.0699358578
-0.0682072454
-0.0704506808
-0.0705048812
-0.0693329832
-0.0677338244
-0.0709099964
-0.0690662888
-0.0694826822
-0.07053284
-0.069634722
-0.0694685688
-0.0694882122
-0.0696437924
-0.0709542832
-0.0704940402
-0.0702066184
-0.0696603762
-0.0702708068
-0.0691119108
-0.0701984706
-0.068916781
-0.0694379384
-0.068955345
-0.0686217702
-0.0695256782
-0.0708219848
-0.071275499
-0.0713677886
-0.0693580766
-0.0693865378
-0.0689099982
-0.071054304
-0.069774608
-0.0680911534
-0.0700890878
-0.0678631256
-0.0696198114
-0.0697706496
-0.0689669134
-0.0698227632
-0.0700691328
-0.07036133
-0.067898451
-0.070084382
-0.0685727442
-0.0694880092
-0.0674873626
-0.0688860978
-0.0686505022
-0.0693847472
-0.06904538
-0.0683367366
-0.0690935226
-0.0686342468
-0.068318023
-0.0686190562
-0.0691169104
-0.0692583454
-0.06933216
-0.0684397078
-0.0691187042
-0.0697230854
-0.0699267394
-0.0702872806
-0.0693928374
-0.0695726728
-0.0696666808
-0.0693399442
-0.068786052
-0.0683675408
-0.068493142
-0.0689366442
-0.068851947
-0.0687923952
-0.0685146686
-0.069230486
-0.068786684
-0.0676930464
-0.0697073174
-0.068700151
-0.0683385406
-0.0699451354
-0.0687827304
-0.0693539746
-0.0700406642
-0.0686525052
-0.068980857
-0.0672475592
-0.0692726896
-0.0676754558
-0.0702645636
-0.0702104536
-0.0699741536
-0.0690060682
-0.0698172086
-0.070977105
-0.0704667748
-0.0705636866
-0.0696975236
-0.0713676526
-0.0703460156
-0.0697664356
-0.0703063696
-0.070272728
-0.0711626618
-0.0694481866
-0.0691807
-0.0706652016
-0.0705976728
-0.0701487428
-0.0700528554
-0.0706626292
-0.0708084082
-0.0694260746
-0.071485744
-0.0703921516
-0.0698624842
-0.0700890658
-0.0702412512
-0.0677737034
-0.068952722
-0.0692929338
-0.0698662744
-0.0690196342
-0.0689329336
-0.0696606038
-0.0701376898
-0.069845677
-0.069842256
-0.0690545232
-0.0695135986
-0.069362401
-0.0696230028
-0.0697167386
-0.0700682634
-0.0702707616
-0.0692352222
-0.068437596
-0.068536871
-0.0696478692
-0.0699497868
-0.0694447436
-0.0703519012
-0.0697544134
-0.0700431288
-0.069596955
-0.0692218094
-0.0692457104
-0.0691234514
-0.0692177546
-0.0699151982
-0.0701742652
-0.0698227746
-0.070308797
-0.0681990266
-0.0691151326
-0.069488465
-0.0718630492
-0.0702875718
-0.0701067826
-0.0693015206
-0.069055253
-0.071095131
-0.069977085
-0.0710946028
-0.0701028404
-0.0714227156
-0.0700879726
-0.069982881
-0.070300922
-0.0714965796
-0.0697479704
-0.0709108242
-0.0707173604
-0.0698317464
-0.0704722018
-0.0709944358
-0.0697398196
-0.0703506964
-0.0692896262
-0.070890314
-0.069250662
-0.0693750586
-0.0695248818
-0.070463971
-0.0692720512
-0.0698199048
-0.0695296508
-0.0698823696
-0.070087778
-0.070174309
-0.070352679
-0.0701017802
-0.067677529
-0.0685178868
-0.0689195244
-0.068609178
-0.0690126812
-0.06916829
-0.0697383384
-0.0687898496
-0.0702008414
-0.0702923328
-0.0693816714
-0.0699785886
-0.0697422792
-0.0694496654
-0.0707470272
-0.0690892064
-0.068917111
-0.070715265
-0.069915085
-0.0701810104
-0.0695297888
-0.0695136778
-0.0703315146
-0.0688044072
-0.0687601368
-0.0695201094
-0.0683188518
-0.0684198948
-0.069876096
-0.0682598566
-0.069478142
-0.070218488
-0.0687541542
-0.0684208564
-0.0695214632
-0.0680161918
-0.0709148902
-0.071755142
-0.0699196946
-0.0705073082
-0.0688075852
-0.0693224514
-0.0698165236
-0.0698363604
-0.0705956534
-0.0692607064
-0.070748374
-0.0696227578
-0.070569218
-0.0701135776
-0.0687677358
-0.0684412824
-0.0687966068
-0.068585421
-0.0696227668
-0.0690290578
-0.0688383984
-0.0697365942
-0.0706275348
-0.0710374604
-0.0706216968
-0.0723352402
-0.0708531086
-0.0697076748
-0.0700823822
-0.0701463626
-0.0708990322
-0.0704868382
-0.0696607548
-0.0700818566
-0.0694679804
-0.070851156
-0.0705351322
-0.0683464586
-0.0680880356
-0.0697700126
-0.068765827
-0.0694260336
-0.0701629682
-0.069722475
-0.0686826828
-0.0683397178
-0.069641529
-0.0687251632
-0.0691043414
-0.069731127
-0.068339205
-0.0693667272
-0.0698888766
-0.0688945978
-0.0699748744
-0.0695920228
-0.0702507838
-0.0697515386
-0.0699088864
-0.06978764
-0.069132879
-0.07053656
-0.0696962632
-0.0719563724
-0.0713971406
-0.070245432
-0.0703905286
-0.0703642244
-0.069720214
-0.0706444388
-0.0697873096
-0.0692965196
-0.0711413008
-0.071807789
-0.0690220128
-0.070116138
-0.0702738598
-0.0701604268
-0.0699635342
-0.0695665832
-0.0710065386
-0.0696356076
-0.07082471
-0.0709255012
-0.0695402792
-0.0693904934
-0.070560793
-0.0705412674
-0.0705334374
-0.0691360314
-0.0689354708
-0.0704773108
-0.0693290174
-0.0701822482
-0.0691692692
-0.0701496934
-0.0704384764
-0.0703599806
-0.0701137032
-0.0699292034
-0.0691419126
-0.0697708572
-0.0687234114
-0.06856532
-0.0703159626
-0.0699018368
-0.0687457356
-0.068205115
-0.0683414582
-0.0705313584
-0.0713524918
-0.0701901334
-0.0706717722
-0.0683169762
-0.069505411
-0.0688457236
-0.0693085434
-0.0699122862
-0.0683511266
-0.0689881504
-0.0693990578
-0.0704847262
-0.070124532
-0.0694166964
-0.069420176
-0.0688123264
-0.0687114198
-0.069860367
-0.0690183554
-0.0686904286
-0.069568214
-0.0697386258
-0.0692497432
-0.0694445504
-0.0683764842
-0.0694861712
-0.069475561
-0.0686564578
-0.069543303
-0.06841154
-0.069928287
-0.0685265916
-0.0699767682
-0.0682327432
-0.069092552
-0.0682032658
-0.0687944106
-0.0694599186
-0.069068622
-0.068593839
-0.0685504582
-0.0697967694
-0.0693607926
-0.0703558462
-0.0681316028
-0.0688407694
-0.0670997604
-0.0675276218
-0.06861756
-0.0685544098
-0.0700161064
-0.0691292626
-0.0693569566
-0.0702305764
-0.0686992246
-0.0672095026
-0.069133881
-0.0671802744
-0.068798523
-0.0714038696
-0.068884271
-0.0689488362
-0.0689013196
-0.0694553678
-0.0690109726
-0.0695121376
-0.0698544332
-0.0685132632
-0.068363005
-0.0695175166
-0.0697024172
-0.0701841378
-0.0681238858
-0.0689561318
-0.0688381938
-0.0702073834
-0.069596176
-0.0687231332
-0.0697340138
-0.0686258536
-0.0699327222
-0.0703531018
-0.0690031748
-0.0699465188
-0.0687469394
-0.0688015482
-0.0694772366
-0.0683802356
-0.0686591678
-0.0692943328
-0.0693710252
-0.0683410512
-0.0696634794
-0.0680220766
-0.067885614
-0.0684006964
-0.0705967088
-0.069446972
-0.070651291
-0.069890869
-0.0681519546
-0.0695729804
-0.0696535206
-0.069234322
-0.0689016602
-0.0686467432
-0.0722313868
-0.0703135018
-0.0686037044
-0.0683525088
-0.0684444314
-0.069492274
-0.0696800618
-0.0695432792
-0.069973919
-0.0677524116
-0.0687918962
-0.0683540316
-0.0700722928
-0.0707486062
-0.0701256432
-0.0706279306
-0.0680232856
-0.0704370272
-0.0709177364
-0.0694542054
-0.0711505726
-0.0716089854
-0.0687140984
-0.0698824918
-0.0705359364
-0.0697237428
-0.0696893322
-0.0684997888
-0.0686821866
-0.0693238574
-0.0696601452
-0.0683830392
-0.0687528526
-0.0686811014
-0.0689977888
-0.067382108
-0.0679054798
-0.069739928
-0.0688643624
-0.0695680502
-0.0686575916
-0.0684979974
-0.069320473
-0.0699361768
-0.068928494
-0.0699941332
-0.0689531658
-0.0688313622
-0.0687773596
-0.0674097402
-0.0694594094
-0.0691297516
-0.0684626296
-0.0697116472
-0.068656161
-0.06907053
-0.069819864
-0.0691303698
-0.069708355
-0.071758822
-0.0697420744
-0.0696890658
-0.0685313584
-0.0699047046
-0.0701037408
-0.069817058
-0.0695643528
-0.069243872
-0.0697169126
-0.0688531776
-0.0681464618
-0.0693252646
-0.0696104686
-0.0703128742
-0.0695530926
-0.0698936704
-0.0690052178
-0.0687104876
-0.0691837024
-0.0689412556
-0.0701070448
-0.070474277
-0.0698820088
-0.0701861146
-0.0703628136
-0.0702072354
-0.0701733162
-0.070487269
-0.0698937606
-0.0699458832
-0.0690970874
-0.0700122804
-0.0697483674
-0.0692890042
-0.0686527168
-0.0693641684
-0.0701133828
-0.0689218396
-0.069140635
-0.0695256262
-0.0703595766
-0.070639641
-0.0701495134
-0.0697347744
-0.070724941
-0.0702066498
-0.069212487
-0.0709956934
-0.0694851768
-0.0696131296
-0.0691612166
-0.0692307634
-0.0700011954
-0.0699819164
-0.0694703186
-0.0692764714
-0.0707343288
-0.0704421156
-0.0687049206
-0.0700544352
-0.0693357906
-0.069134679
-0.0691666662
-0.0709969572
-0.0686623002
-0.0704371756
-0.0702471324
-0.070231063
-0.0702437566
-0.069863629
-0.0710047106
-0.0695475342
-0.0689557566
-0.0680403216
-0.0704094726
-0.0695908148
-0.0700372614
-0.0706101588
-0.0707124678
-0.0701109428
-0.0694010988
-0.0698125726
-0.0693452602
-0.0709009786
-0.0699841886
-0.070385071
-0.0690801594
-0.0704713806
-0.0676301386
-0.0697644874
-0.0703108756
-0.069699564
-0.0703964102
-0.069426316
-0.0700344346
-0.0700215494
-0.0706201208
-0.0711977524
-0.0696421906
-0.070147952
-0.0685235178
-0.0696780506
-0.070397146
-0.0689842072
-0.0691023374
-0.0700700792
-0.0707856578
-0.0694970638
-0.0702715868
-0.0702510034
-0.0688076894
-0.069896379
-0.0690273868
-0.069817606
-0.0699709104
-0.0699312294
-0.0701977176
-0.0697804708
-0.0707949938
-0.070785026
-0.0705203696
-0.0708974572
-0.068978277
-0.0697421568
-0.0706108358
-0.0691198316
-0.069914704
-0.0706433196
-0.069582888
-0.070594119
-0.0693695622
-0.069581846
-0.070111028
-0.0692056054
-0.070467237
-0.0702000792
-0.0683206234
-0.0694912454
-0.070714037
-0.0714668712
-0.0699179026
-0.070150936
-0.0687741148
-0.0703715526
-0.0690594212
-0.0687274944
-0.0692079664
-0.0701043226
-0.0693790568
-0.0683648096
-0.0707410906
-0.0693105692
-0.0712971504
-0.0701035612
-0.070303153
-0.0692818424
-0.071533733
-0.0699424444
-0.0688871806
-0.0701972968
-0.0688603748
-0.0694623962
-0.0708737716
-0.0694549128
-0.0712908112
-0.0710865984
-0.0706048746
-0.0693417338
-0.0696800492
-0.0701246262
-0.0692857768
-0.068409072
-0.0694792616
-0.0694615208
-0.0702896358
-0.0693925792
-0.068598278
-0.069142484
-0.0696570542
-0.0705924816
-0.0682605378
-0.0693812668
-0.0713206044
-0.069984022
-0.0692276304
-0.0694181976
-0.0701160198
-0.0702269128
-0.069361967
-0.0700306746
-0.07002637
-0.0701084248
-0.0702868556
-0.069837359
-0.0696706098
-0.0691838222
-0.0705871122
-0.0691376342
-0.0698396212
-0.0695630968
-0.067917055
-0.0704042262
-0.0706345876
-0.0691055628
-0.0715051002
-0.0708333462
-0.0707094426
-0.0700042498
-0.0708863698
-0.0699523476
-0.0694554118
-0.0704050052
-0.0694066824
-0.069143749
-0.0704808392
-0.069393949
-0.070119963
-0.0705363758
-0.0694412406
-0.0690989262
-0.0696817892
-0.0687209856
-0.0706492136
-0.0692329206
-0.0708946316
-0.0689258662
-0.0695287312
-0.0704057132
-0.0704706694
-0.070305457
-0.0699895372
-0.0679878412
-0.0689354596
-0.0691765484
-0.0686765166
-0.0683624768
-0.0690752962
-0.0689882186
-0.0676338442
-0.0703842842
-0.0714407094
-0.0699625036
-0.0694314562
-0.0696685724
-0.069788683
-0.0693861136
-0.0690163704
-0.0694682392
-0.0693796698
-0.0698362778
-0.0700170492
-0.0696535452
-0.0704433132
-0.069812986
-0.0695573542
-0.0695431302
-0.070274724
-0.0696637778
-0.0698095488
-0.070236256
-0.069527654
-0.07003101
-0.0697464878
-0.0708757204
-0.070329353
-0.0714263636
-0.0703271816
-0.070020405
-0.06918573
-0.070305944
-0.069049269
-0.0695904008
-0.0691445198
-0.0693837738
-0.0685698702
-0.0694633336
-0.0672342244
-0.0688558452
-0.069848376
-0.0691492712
-0.067205371
-0.0674181056
-0.0692164702
-0.0692913554
-0.0693690338
-0.068747424
-0.0693809388
-0.0683131032
-0.0691208496
-0.0693639684
-0.0687164706
-0.0697077304
-0.0700201852
-0.0692007934
-0.069926413
-0.0713458306
-0.0710285614
-0.0692545428
-0.0697992228
-0.0705401762
-0.0707089566
-0.070826382
-0.0708685604
-0.0699943552
-0.0700278202
-0.0712310328
-0.07147885
-0.0687892156
-0.0693395928
-0.0698312848
-0.0700434482
-0.0706016982
-0.068940848
-0.0679973186
-0.0712374532
-0.069623151
-0.0687172448
-0.0692549712
-0.0686701104
-0.0677931086
-0.0693549822
-0.0690598212
-0.0688567882
-0.0687540184
-0.0695520326
-0.0707940154
-0.0681918716
-0.070120758
-0.07024006
-0.0712632614
-0.0679928982
-0.0695957146
-0.0718633784
-0.0703269462
-0.0694835738
-0.071010348
-0.070858998
-0.0705418014
-0.071226096
-0.069977559
-0.0691375544
-0.0683190824
-0.0688018292
-0.0696210584
-0.0686868622
-0.0695386928
-0.0693222604
-0.0687372094
-0.0687709982
-0.0681883224
-0.0693881324
-0.0693093044
-0.0691076786
-0.0703226194
-0.0710927704
-0.0700705038
-0.0688578616
-0.0691577606
-0.069720833
-0.0721672984
-0.0695222886
-0.0714589052
-0.0696088188
-0.070115257
-0.0704731704
-0.069820424
-0.0689653834
-0.0697593712
-0.0695790628
-0.0705177062
-0.0691536888
-0.0692229072
-0.0698829878
-0.0692166326
-0.0700396054
-0.0705761744
-0.0696795708
-0.0693293306
-0.0693656704
-0.0694584
-0.0699055288
-0.07006149
-0.0703435494
-0.0700438526
-0.0701686196
-0.069793577
-0.0704517962
-0.0708324522
-0.070084328
-0.070381318
-0.0696726962
-0.0695591882
-0.0693388828
-0.0688549526
-0.0694808528
-0.069798206
-0.0693034726
-0.0694507922
-0.069425525
-0.0696628004
-0.0687489502
-0.0697549292
-0.0690127538
-0.0699990024
-0.069011045
-0.0696728
-0.0704958968
-0.069382614
-0.0709199468
-0.0714814502
-0.0698023566
-0.070582919
-0.0702442426
-0.06942244
-0.0710297474
-0.0694756232
-0.0699133584
-0.0701171742
-0.0711804818
-0.0710114686
-0.0711359752
-0.0707469622
-0.0709551572
-0.0706546122
-0.071148831
-0.0704472912
-0.0691633924
-0.0718542706
-0.0705637068
-0.0703458712
-0.0708708438
-0.069578663
-0.070401631
-0.070276367
-0.069143731
-0.0711255774
-0.069750594
-0.0702188062
-0.070168765
-0.070409942
-0.0691408214
-0.0699911584
-0.0704632614
-0.0712783378
-0.0696505712
-0.0698343358
-0.0705752088
-0.0708494648
-0.072035436
-0.0706890922
-0.0696868662
-0.0686836108
-0.0687911404
-0.069204508
-0.069607754
-0.0694842188
-0.0703992716
-0.0681612962
-0.0705502638
-0.0684911348
-0.0696275004
-0.0696275004