6.30326098
6.0532969
4.50462084
6.16723774
6.462619
4.9413365
4.55589478
4.86273864
7.31510608
7.69575592
6.7705043
6.5048406
6.1760357
7.05071442
5.17801894
-0.070821698
-0.0736517266
-0.0707219982
-0.0717690636
-0.0695634936
-0.0706698
-0.0703105942
-0.0713462622
-0.0718301544
-0.070875859
-0.0712317092
-0.071899193
-0.0709674532
-0.069955456
-0.0717999072
-0.0708662402
-0.0710530978
-0.0702381638
-0.0711519072
-0.070568764
-0.0709788062
-0.0696890106
-0.0713883122
-0.071270582
-0.0709207502
-0.0703700694
-0.0704801796
-0.0707473656
-0.0711877168
-0.0702809426
-0.0699793878
-0.0723272292
-0.0703136074
-0.0719059618
-0.0713837122
-0.0716073522
-0.0725739194
-0.0710167832
-0.0720309552
-0.071657964
-0.0697267888
-0.0711298018
-0.0718212164
-0.070158336
-0.0701788378
-0.0708676204
-0.0719600504
-0.0709062404
-0.0700846568
-0.070809101
-0.0702626978
-0.0697419796
-0.0708198372
-0.0707781672
-0.071367076
-0.0692999134
-0.0716957474
-0.071302261
-0.0712453894
-0.069987531
-0.0698353734
-0.0698778262
-0.0695629718
-0.069613674
-0.0683025652
-0.0694666488
-0.0684209704
-0.0711062608
-0.0719125764
-0.0699681004
-0.070153375
-0.071813382
-0.0708071912
-0.0712295778
-0.0714904764
-0.0713509346
-0.0702826714
-0.0703179466
-0.0707489756
-0.0713151436
-0.0715916858
-0.0702716496
-0.0707199974
-0.0702898208
-0.0708400954
-0.0711903902
-0.0704774548
-0.0695266504
-0.071082326
-0.0704023168
-0.0712359854
-0.0706817026
-0.071843882
-0.0713813002
-0.0707112524
-0.0708659478
-0.0707007124
-0.070752865
-0.0704518412
-0.0703322582
-0.0703081382
-0.0705035644
-0.0708539992
-0.069504677
-0.0695894356
-0.070874381
-0.0719186334
-0.0694182092
-0.0710611156
-0.069562929
-0.0704975128
-0.0704466428
-0.070576858
-0.0709569774
-0.0696428314
-0.0715396292
-0.0695555934
-0.0706898302
-0.069483746
-0.0702321776
-0.0707210656
-0.0707624496
-0.0689272352
-0.0698337884
-0.0721488838
-0.0710167624
-0.0711341872
-0.0716901186
-0.0723398066
-0.072218717
-0.071946915
-0.0723875752
-0.0718947712
-0.0713534572
-0.070724415
-0.0704895902
-0.0707268786
-0.0720133084
-0.071120189
-0.0719272318
-0.0710279334
-0.0697100184
-0.0697264796
-0.0701096672
-0.0710330306
-0.0694484718
-0.0696297708
-0.0705791692
-0.0714377986
-0.0727978612
-0.0717560954
-0.0716897414
-0.0708752182
-0.0721187688
-0.0728678064
-0.0718489932
-0.0723934202
-0.072353729
-0.0699431736
-0.0728326694
-0.0715584356
-0.0711894096
-0.0705695082
-0.0707621232
-0.071556925
-0.0713659534
-0.07143868
-0.0718967396
-0.0710078654
-0.0706082696
-0.0706782706
-0.0698012928
-0.0703301558
-0.0702757864
-0.069813872
-0.0691972498
-0.0715313812
-0.0700234174
-0.071083775
-0.0713354922
-0.0711521686
-0.070580538
-0.0704778764
-0.0709777912
-0.071924007
-0.0733187818
-0.0712669538
-0.0722827992
-0.0710518368
-0.0718446618
-0.0719179148
-0.0718277884
-0.0724444956
-0.073388649
-0.071869167
-0.0716510786
-0.0713074014
-0.0715353386
-0.0722883616
-0.071603152
-0.0706364502
-0.071671169
-0.0707154622
-0.0705678916
-0.0696919538
-0.0704638364
-0.0720479294
-0.07025572
-0.0712855094
-0.0706154946
-0.0708016662
-0.0707163538
-0.0704995686
-0.0709884256
-0.07242414
-0.0704387564
-0.0710214534
-0.0703844224
-0.070955634
-0.0724699252
-0.0707916444
-0.07266763
-0.0708954534
-0.070740304
-0.072017739
-0.0715384372
-0.0702296738
-0.071750354
-0.0699103494
-0.070610183
-0.0716182994
-0.070285262
-0.0698440552
-0.0703760946
-0.0704382426
-0.0716118324
-0.0707441596
-0.070697729
-0.0699901768
-0.0701006702
-0.0706680072
-0.0709356856
-0.0714098082
-0.0693210954
-0.071314262
-0.0709759786
-0.0712024534
-0.070460937
-0.0701030372
-0.0694671202
-0.0707211472
-0.0705986318
-0.0717955778
-0.0698067968
-0.0710842728
-0.0704428248
-0.0701843828
-0.0709900472
-0.0703704004
-0.0702144432
-0.0722281304
-0.0706581662
-0.0704543102
-0.0707032718
-0.070668555
-0.0702806016
-0.0715564308
-0.0709490142
-0.0723723178
-0.070478093
-0.0708511892
-0.070494886
-0.071238241
-0.0700160524
-0.0702165928
-0.0698722428
-0.070561232
-0.0704175608
-0.0711493396
-0.0704349418
-0.0701173334
-0.0712693532
-0.0715179108
-0.069846383
-0.0707641036
-0.0713666496
-0.0706898586
-0.069660528
-0.0698615248
-0.0718057948
-0.0706928674
-0.0715146488
-0.0708651928
-0.0719426454
-0.0725813938
-0.072061182
-0.0707231304
-0.0710465222
-0.0715951032
-0.0712858814
-0.0711645238
-0.0705893022
-0.0703921184
-0.0700054896
-0.0706568636
-0.0698280966
-0.0706723814
-0.071060727
-0.0697329898
-0.0707208876
-0.0706643966
-0.070855495
-0.0707460268
-0.0692248884
-0.0707933172
-0.0702254218
-0.0714575348
-0.0697962964
-0.0689871938
-0.070604413
-0.071116429
-0.0703904454
-0.070695986
-0.0704114196
-0.0694901932
-0.072273733
-0.0726992352
-0.0710862886
-0.0716004548
-0.0706388908
-0.0708092428
-0.0694610436
-0.0707360948
-0.0712334138
-0.0695552124
-0.0712521082
-0.07012874
-0.0707430376
-0.0726119916
-0.0713194826
-0.0713139606
-0.0725383704
-0.07157882
-0.070823552
-0.0708674384
-0.0710949726
-0.071879525
-0.0701080428
-0.0691069194
-0.0692828286
-0.0708775548
-0.0710523854
-0.0715340024
-0.0694791154
-0.0709173752
-0.0704973866
-0.0702796334
-0.0703587678
-0.0700824396
-0.0703165908
-0.070391345
-0.0706034942
-0.0712544106
-0.0709383298
-0.0716922576
-0.0716154332
-0.0709711876
-0.070444651
-0.0715795704
-0.0712644856
-0.0706233448
-0.072002147
-0.071636364
-0.071452198
-0.0714472028
-0.0710491612
-0.0705139612
-0.070052798
-0.070878339
-0.0714144622
-0.0706911544
-0.0710297014
-0.0722759362
-0.0715140616
-0.0696687256
-0.0719389368
-0.0716201826
-0.0699999308
-0.0718714292
-0.0698184102
-0.0712393822
-0.0718957722
-0.0696884236
-0.0710684624
-0.0706329824
-0.0712115078
-0.0699176754
-0.0699586324
-0.0700557956
-0.0719767906
-0.0705173018
-0.070158131
-0.0691119352
-0.0689096466
-0.0703875662
-0.0705310322
-0.0709065882
-0.0702199518
-0.0716382894
-0.0715754908
-0.0710265102
-0.0714696962
-0.0712427628
-0.0703625582
-0.0706138144
-0.0700155154
-0.0706742074
-0.0714326766
-0.0705489622
-0.0704244256
-0.0702912806
-0.0691418124
-0.0697389948
-0.06934278
-0.0713159618
-0.070505719
-0.0714865872
-0.0691635484
-0.070765931
-0.069899937
-0.0690474796
-0.070312358
-0.0717060148
-0.0705262678
-0.0699956018
-0.0688488482
-0.0695192746
-0.0705119562
-0.0704077748
-0.0690252584
-0.069533511
-0.0712477916
-0.0694807614
-0.071538699
-0.069928005
-0.070938046
-0.0702764362
-0.0697731232
-0.0703748736
-0.0705433662
-0.0709546178
-0.069024766
-0.0696009624
-0.0695385028
-0.0715321152
-0.0716343962
-0.0709085396
-0.0707817738
-0.0718858326
-0.0722294334
-0.0728261412
-0.071892845
-0.0716048028
-0.0694495078
-0.0713012996
-0.0689944248
-0.072150314
-0.0704464862
-0.0713200784
-0.0727334908
-0.0711826424
-0.0715440202
-0.0712308922
-0.0721345876
-0.0710594674
-0.0721647996
-0.071783182
-0.0708383022
-0.072038341
-0.0718447862
-0.071967226
-0.0721373518
-0.0715358858
-0.073002787
-0.0708939138
-0.071481362
-0.0712700716
-0.071562933
-0.071414665
-0.069778108
-0.0714987128
-0.069179392
-0.0705768486
-0.0707502902
-0.0712845196
-0.0698348076
-0.0723965262
-0.0718263718
-0.0713081196
-0.0707597812
-0.0710542216
-0.0706353184
-0.0713228038
-0.070685913
-0.0705722462
-0.0717087174
-0.0711051914
-0.0718141112
-0.070349191
-0.0723847778
-0.0713866212
-0.0715961222
-0.0715955864
-0.0712155408
-0.0699635596
-0.0702776982
-0.070875705
-0.0699879134
-0.0709938154
-0.0705605216
-0.071205008
-0.0715986126
-0.0730257284
-0.0715845514
-0.0701375342
-0.0708904906
-0.070054928
-0.0728454814
-0.0699346754
-0.0711647458
-0.0716058958
-0.0708069282
-0.0719234352
-0.0711120164
-0.0726688454
-0.071818106
-0.0722417984
-0.072325556
-0.0727269274
-0.073177131
-0.0719619996
-0.0723945674
-0.0721347198
-0.071158735
-0.0721505346
-0.0714996898
-0.0715144766
-0.0715682664
-0.0721525616
-0.0714161178
-0.072539554
-0.0732519006
-0.0719772396
-0.0716307478
-0.0722213198
-0.0699893086
-0.071468552
-0.0706779532
-0.0704248854
-0.0708140262
-0.0709412454
-0.0710504404
-0.0697125956
-0.069990368
-0.0696885682
-0.070681204
-0.0694263344
-0.069837102
-0.0697937834
-0.0698092668
-0.0708997672
-0.071614326
-0.0697678852
-0.0711180398
-0.0707860648
-0.0706461442
-0.0681181558
-0.0702192762
-0.0711172
-0.0694436942
-0.0693557532
-0.0701016702
-0.0694883268
-0.0703509368
-0.0700429954
-0.0699438094
-0.0714177368
-0.0721502544
-0.0708968664
-0.0710534198
-0.0703436336
-0.0690445474
-0.0704551998
-0.0720516602
-0.0709752336
-0.070631287
-0.0697530534
-0.070477037
-0.0698388628
-0.070323914
-0.070425436
-0.0698752744
-0.0696510834
-0.0708105598
-0.0698972964
-0.0687901798
-0.0695120958
-0.0716615128
-0.0707481128
-0.0708043576
-0.0713191322
-0.0688139644
-0.068928257
-0.0694659176
-0.0709552236
-0.0706545444
-0.0714000404
-0.0705657062
-0.0712099508
-0.0709034292
-0.0686296972
-0.0710361792
-0.0692570288
-0.0704416872
-0.070258307
-0.069100161
-0.0689880828
-0.069837042
-0.0705232584
-0.0692124118
-0.0697154914
-0.0712402466
-0.0707068194
-0.0704370216
-0.0693471668
-0.0707892464
-0.0707436702
-0.0698597268
-0.0699163242
-0.0708850516
-0.0706943242
-0.0698030488
-0.0700720138
-0.0693778112
-0.067976458
-0.068327511
-0.070335965
-0.0694844632
-0.069665628
-0.06957704
-0.0698598374
-0.0688394166
-0.070322197
-0.0698254276
-0.0696462918
-0.0701440496
-0.0700831826
-0.0699833792
-0.0703355216
-0.070190108
-0.0686210922
-0.0691194516
-0.070482864
-0.0709240762
-0.0713005414
-0.070400477
-0.07170646
-0.0699311028
-0.0710201342
-0.0690060228
-0.0699726688
-0.0693804512
-0.0704649184
-0.0701761464
-0.0703463314
-0.069615806
-0.0708292122
-0.0699897826
-0.0703612856
-0.0692641092
-0.069512706
-0.0705199932
-0.069483632
-0.0703346624
-0.0711586854
-0.0696611768
-0.0704101694
-0.0711924986
-0.069226199
-0.0700840048
-0.0706727688
-0.0705563102
-0.0695797318
-0.0710648664
-0.0703395028
-0.0701767668
-0.0695025262
-0.0705588088
-0.070946848
-0.0709809322
-0.0702402264
-0.070578637
-0.0700985526
-0.0712955332
-0.0699293598
-0.0707742484
-0.0703099782
-0.0701057742
-0.0694760232
-0.0695854786
-0.070126466
-0.0697164028
-0.0685056836
-0.0680052168
-0.069667713
-0.070681684
-0.0705896104
-0.0716118912
-0.0701976526
-0.0693691682
-0.0701837374
-0.0694822994
-0.0713706182
-0.069633275
-0.070409951
-0.0703455768
-0.0696993842
-0.0694608736
-0.070693172
-0.0702824658
-0.0698256284
-0.0700031564
-0.0694090094
-0.070479256
-0.0704145622
-0.0688946354
-0.0693746328
-0.0692038342
-0.0700438726
-0.0699793438
-0.0701891956
-0.0699102128
-0.0711385528
-0.0710253268
-0.0703508598
-0.0703269026
-0.0694954742
-0.0708403012
-0.0708613662
-0.0703094338
-0.0702719048
-0.069269253
-0.0711626058
-0.0690964758
-0.0701116188
-0.070121262
-0.0696880182
-0.070470361
-0.0709553654
-0.0699824684
-0.0689646766
-0.0682564728
-0.0691130738
-0.0698855844
-0.069870721
-0.0690043938
-0.0705717008
-0.070669869
-0.0698764896
-0.0701693716
-0.0698385798
-0.0695029616
-0.069886201
-0.0697698636
-0.0714373698
-0.0713548284
-0.0705679248
-0.0700366696
-0.0697959574
-0.0707456932
-0.0698972262
-0.0685356598
-0.06893594
-0.068356152
-0.0695268492
-0.0705745104
-0.0693972546
-0.0701069704
-0.0701962688
-0.0694993428
-0.0716875604
-0.0702284726
-0.0711625678
-0.0715463514
-0.068194325
-0.0711723608
-0.0693650432
-0.0701524276
-0.0710386378
-0.071591442
-0.0701472232
-0.0700258522
-0.0712187998
-0.0700412986
-0.0692458966
-0.07149651
-0.071996124
-0.0714742342
-0.0714550766
-0.0710341548
-0.0704055864
-0.0700541524
-0.0708318242
-0.0712889314
-0.0715364948
-0.0695599984
-0.0693948644
-0.0712316564
-0.0713496614
-0.0704408904
-0.0709809844
-0.07024746
-0.0705431638
-0.0686126032
-0.0694992184
-0.069931743
-0.069823942
-0.07056343
-0.0711561216
-0.0699586772
-0.0707823886
-0.0701422976
-0.0707832448
-0.0692424176
-0.0708884838
-0.0693853022
-0.0708638562
-0.0697304804
-0.0699400552
-0.0707916396
-0.0727467628
-0.0709197684
-0.0695544138
-0.0702677892
-0.0696361426
-0.0695782648
-0.068650808
-0.0685181126
-0.0704966928
-0.069896495
-0.0709687602
-0.0706585844
-0.0696054694
-0.069687616
-0.070431999
-0.069808406
-0.0684322036
-0.0703840106
-0.069025388
-0.0681550986
-0.0692824354
-0.0695239232
-0.0692260052
-0.06887112
-0.070945663
-0.0689618118
-0.0709875852
-0.0693967868
-0.0710982684
-0.0711458042
-0.071020312
-0.0704345658
-0.0708415406
-0.072279891
-0.070883462
-0.0692725404
-0.0701551876
-0.072171754
-0.0704680444
-0.0705299768
-0.0695748056
-0.0710338534
-0.0702323148
-0.07104173
-0.0689250266
-0.0694232396
-0.0706359482
-0.0705946262
-0.0709878386
-0.0700002704
-0.0700181226
-0.0717520136
-0.0708848926
-0.0718764686
-0.0704684064
-0.07138062
-0.0712741434
-0.0716648618
-0.0695499902
-0.0715395656
-0.0702881152
-0.070797682
-0.068700046
-0.070573118
-0.0699226442
-0.0707474576
-0.0709925838
-0.0690698774
-0.0708394142
-0.0704709246
-0.0705848376
-0.0721703058
-0.0721638254
-0.0697141392
-0.0697940504
-0.0704429728
-0.0708721856
-0.070142172
-0.0684505602
-0.069028087
-0.068783961
-0.0706327194
-0.0688761778
-0.0704588902
-0.0693950536
-0.0699970994
-0.0702591228
-0.0700038322
-0.0707935814
-0.0693373848
-0.0706077208
-0.0701646042
-0.0702605156
-0.0698913452
-0.0691690602
-0.0694342694
-0.0693501302
-0.0707339842
-0.0711932934
-0.0700194864
-0.0693536204
-0.0690387654
-0.0701329718
-0.0702175234
-0.0697712432
-0.0696569944
-0.0704683694
-0.0697220748
-0.069077192
-0.0701214926
-0.0686705418
-0.0691099086
-0.0702610174
-0.0693916944
-0.0698589354
-0.0701604828
-0.06912664
-0.068540535
-0.0682299348
-0.0692834238
-0.068794122
-0.0699712122
-0.0706628848
-0.070751782
-0.0708820652
-0.0698791014
-0.0701941314
-0.0698979304
-0.070264733
-0.0710518246
-0.0692912148
-0.0704577192
-0.0699028698
-0.0698567958
-0.0697646172
-0.0707605758
-0.0690669588
-0.0712795736
-0.069775098
-0.0700303356
-0.069674409
-0.0692556422
-0.0704990252
-0.0695616136
-0.0697562
-0.0702664594
-0.0695215672
-0.0687269918
-0.0685733666
-0.0688863606
-0.0700873306
-0.0720753798
-0.0701796014
-0.070877787
-0.0690882736
-0.07074034
-0.070886596
-0.0701191868
-0.069984528
-0.071629245
-0.069934066
-0.0718075026
-0.0700330574
-0.0708441112
-0.069847652
-0.069770294
-0.0717402554
-0.0695173838
-0.0696061294
-0.0706822836
-0.069601974
-0.0696950392
-0.070341809
-0.0705400774
-0.0704116328
-0.0705378948
-0.0691591754
-0.0694603082
-0.0701122016
-0.068936971
-0.0712661394
-0.070234052
-0.070462777
-0.0711710074
-0.0714526424
-0.0710444268
-0.0704514524
-0.0707808062
-0.0707696272
-0.0702428084
-0.069884368
-0.0704590922
-0.0711313354
-0.070021478
-0.070063936
-0.0697298294
-0.0696065516
-0.0700715054
-0.0699611118
-0.069201854
-0.0696473348
-0.0705854304
-0.0714646974
-0.069952132
-0.0702251056
-0.0694667152
-0.069324909
-0.0697280842
-0.0692561502
-0.0714945192
-0.0691100878
-0.070257195
-0.0707867024
-0.0699731626
-0.0708631738
-0.0707653942
-0.07032395
-0.0715574714
-0.0717765088
-0.0700215702
-0.071824381
-0.0708256742
-0.0696298176
-0.070297527
-0.069911671
-0.0704189892
-0.0707916442
-0.0699383176
-0.0700853786
-0.0696559964
-0.0688856604
-0.0692916626
-0.0700339932
-0.070342971
-0.071566098
-0.0695734066
-0.06996823
-0.0702451148
-0.0711149288
-0.0688343418
-0.070335182
-0.0702618492
-0.0698160082
-0.072215736
-0.0707269204
-0.0704323264
-0.0703494604
-0.0704087494
-0.0696782616
-0.0712859358
-0.0709185422
-0.0707173254
-0.0710006044
-0.0702603572
-0.0690539644
-0.070664667
-0.0699962458
-0.07171143
-0.0697532832
-0.0713456374
-0.0718772588
-0.0706888926
-0.0709263032
-0.0709026312
-0.0706878826
-0.0705784034
-0.0704225474
-0.0703004322
-0.0696264134
-0.0685566006
-0.0697956236
-0.0699254662
-0.0686770924
-0.0705981346
-0.0709323146
-0.0694876266
-0.0709055128
-0.07041278
-0.0692443748
-0.0697640794
-0.070683609
-0.0689536146
-0.0689775172
-0.0699842796
-0.0693940588
-0.069347152
-0.069503062
-0.0694063806
-0.069675639
-0.071141299
-0.0692320006
-0.0709094512
-0.0689488868
-0.0707965648
-0.0696546464
-0.0695676236
-0.0704743308
-0.0698398042
-0.0700423728
-0.0697851582
-0.0705820878
-0.0708617254
-0.0702888382
-0.070850149
-0.0699655238
-0.0705703258
-0.0691300588
-0.0707569078
-0.0709078772
-0.070714535
-0.0710399306
-0.06930277
-0.069690395
-0.0710781546
-0.0698222024
-0.0708853896
-0.0704419382
-0.0706328814
-0.0702260818
-0.0692416232
-0.0706231976
-0.0703436034
-0.0708278832
-0.0689739144
-0.0709094908
-0.0703319934
-0.0698721642
-0.0700770834
-0.0714164618
-0.070686868
-0.0708147002
-0.069314319
-0.071328633
-0.071145788
-0.070636555
-0.0709817706
-0.07145952
-0.070582735
-0.0693900442
-0.0701482986
-0.0700117734
-0.0698035778
-0.0696096856
-0.0707236076
-0.0705394348
-0.071367455
-0.0712786868
-0.0687287674
-0.0709721062
-0.0699956088
-0.0702781994
-0.0718159826
-0.0705958906
-0.0689871782
-0.0698790632
-0.0707856594
-0.0693474504
-0.0700577112
-0.06991467
-0.0712866616
-0.072047329
-0.0710692858
-0.0687618466
-0.0707565242
-0.0698471804
-0.0714474292
-0.0695449508
-0.068689391
-0.0702735856
-0.0700960512
-0.070676668
-0.0690079762
-0.069862267
-0.0697633046
-0.0695077586
-0.071223157
-0.0689970928
-0.0706310752
-0.0718443482
-0.0713042118
-0.0702744542
-0.0715383082
-0.0717342192
-0.0709673304
-0.0705972586
-0.0704603494
-0.0708501518
-0.070739113
-0.070901217
-0.0707987258
-0.0700212894
-0.0713163992
-0.0711284578
-0.0714009294
-0.0710631842
-0.0698548858
-0.0691747498
-0.0709042156
-0.0711196552
-0.0707634274
-0.0700288844
-0.0712130882
-0.0697149478
-0.0706069224
-0.0706692874
-0.069749554
-0.0696685306
-0.0699382178
-0.070409691
-0.0688782506
-0.0699577424
-0.0701860384
-0.0693834196
-0.071635743
-0.0713104798
-0.0702130932
-0.0697581892
-0.070689463
-0.0702548042
-0.0693553438
-0.0698439884
-0.070472866
-0.068009653
-0.068177072
-0.0700784314
-0.0704630802
-0.0693187642
-0.0701412926
-0.0702115146
-0.0697078122
-0.0706035278
-0.0699969262
-0.070288548
-0.0684652058
-0.0701776636
-0.0714807946
-0.0705014312
-0.0699119436
-0.0694351606
-0.0700855182
-0.0706285654
-0.0705135882
-0.0702968146
-0.0688335426
-0.070534738
-0.070309959
-0.070618546
-0.0702473734
-0.0700967698
-0.0716719488
-0.0699691846
-0.0708847718
-0.070105932
-0.069834051
-0.072187965
-0.0712554246
-0.0703900914
-0.072038914
-0.0710667274
-0.0724497362
-0.0704800338
-0.0711968794
-0.0716543726
-0.0712466828
-0.0699753196
-0.0707168956
-0.0721389016
-0.0709895368
-0.0704747702
-0.072503826
-0.0709498062
-0.07110017
-0.0714756626
-0.0700084454
-0.0709697558
-0.0705297684
-0.070684055
-0.0703898946
-0.0717448172
-0.0708328514
-0.071586279
-0.072095165
-0.0702989188
-0.0701408876
-0.0709120712
-0.0712740724
-0.071088804
-0.0715022214
-0.0712172248
-0.0707820184
-0.0696719438
-0.071645981
-0.0713608798
-0.0698589046
-0.0710159988
-0.0708587568
-0.0719744514
-0.0688825204
-0.0707641222
-0.071853034
-0.0712471436
-0.071793036
-0.0691390938
-0.0706927744
-0.0699183544
-0.0713466512
-0.070346535
-0.0722415764
-0.0716117508
-0.0707184858
-0.0711978208
-0.0712580842
-0.0695576754
-0.070924957
-0.0701621876
-0.0696438356
-0.0703472028
-0.0702652024
-0.0712208428
-0.070375223
-0.0718154016
-0.0692920886
-0.0702026872
-0.0713522764
-0.0715408854
-0.071358021
-0.0707453364
-0.0715661736
-0.0716583288
-0.0707405108
-0.0705312322
-0.0726098936
-0.070514871
-0.071481875
-0.0717160848
-0.0708079334
-0.0699879812
-0.0700800556
-0.0713616244
-0.0714882508
-0.0716333276
-0.0717246908
-0.0714265772
-0.0703642026
-0.0703462686
-0.072519332
-0.0699657466
-0.0707210574
-0.071313374
-0.0697675718
-0.0711035666
-0.0714987392
-0.0686568366
-0.0697613286
-0.0715573442
-0.0713175274
-0.0689349656
-0.0703067292
-0.0702494214
-0.0712182696
-0.0709727448
-0.0706403644
-0.0718342404
-0.0715955388
-0.070369086
-0.0716080044
-0.0687946012
-0.0710467572
-0.0705716072
-0.0690099912
-0.0699608926
-0.0697073136
-0.069419562
-0.0705089736
-0.0707149914
-0.0702317246
-0.0706110818
-0.069206529
-0.068870903
-0.0703216104
-0.0704073862
-0.0707372356
-0.070952481
-0.069832115
-0.0713563164
-0.0715979712
-0.0701369572
-0.072582756
-0.0712796458
-0.0707576046
-0.0706554212
-0.0718009836
-0.0708396572
-0.071592219
-0.0700515844
-0.0699947122
-0.0702043588
-0.0706763942
-0.0706029254
-0.071066026
-0.0710332082
-0.0702999792
-0.069899303
-0.0704275816
-0.0708190218
-0.0692939524
-0.0698162394
-0.070863634
-0.0708275392
-0.0713073598
-0.0707096386
-0.0715488402
-0.0722277202
-0.0709363344
-0.0719027318
-0.0719148108
-0.0718049022
-0.071541421
-0.0720220188
-0.071005972
-0.0715869228
-0.0700103098
-0.0702544896
-0.0731368824
-0.0711004782
-0.0713795162
-0.0712529522
-0.0713195726
-0.070544837
-0.0704417952
-0.071320421
-0.0711490668
-0.0707229024
-0.069911064
-0.0714044902
-0.0714423254
-0.0727651632
-0.0713891018
-0.0709247102
-0.0702201404
-0.0710020488
-0.0702573042
-0.0711042272
-0.072043769
-0.0709925666
-0.071430172
-0.0714925898
-0.0713855622
-0.072089726
-0.072767733
-0.0720644844
-0.0708118648
-0.0714966148
-0.0725834164
-0.0714153806
-0.0716496684
-0.0717636272
-0.0711919796
-0.0713506074
-0.0713868992
-0.0721069602
-0.0705619748
-0.0711791344
-0.072425225
-0.0712440926
-0.07134116
-0.0721842678
-0.071532349
-0.072096896
-0.0713235422
-0.071706755
-0.0726925648
-0.0707951348
-0.070953985
-0.0704852362
-0.0716616782
-0.0701606534
-0.0724418226
-0.0712075538
-0.0705883312
-0.0703054974
-0.0704069024
-0.0709225532
-0.0711249964
-0.0707069386
-0.0721786428
-0.0715329314
-0.07091408
-0.0700298594
-0.0701728222
-0.0702301954
-0.0726583062
-0.0711814918
-0.070692828
-0.0703881768
-0.0683476748
-0.0702928116
-0.069844915
-0.069452104
-0.0713254452
-0.069857696
-0.0721969028
-0.0705634088
-0.0711614912
-0.0698994172
-0.0727267882
-0.0715600682
-0.0706288734
-0.0717615298
-0.0712415126
-0.0701034802
-0.0709136792
-0.0683287376
-0.071212196
-0.0722043624
-0.0714053436
-0.0719452746
-0.072484512
-0.071840018
-0.0706940506
-0.071816036
-0.0719540286
-0.0732344288
-0.071085981
-0.0713021128
-0.0720677576
-0.072792569
-0.0721845572
-0.0716759824
-0.071187454
-0.0718746652
-0.071012886
-0.071801335
-0.0712135458
-0.07088671
-0.071142853
-0.0719986962
-0.0720061232
-0.0703533336
-0.0719009426
-0.0721409612
-0.0717267228
-0.0717340752
-0.0717408996
-0.0723720138
-0.0724257204
-0.0723703348
-0.0715266028
-0.0729781366
-0.0719288272
-0.0719299702
-0.071325266
-0.071438535
-0.0706419426
-0.071547091
-0.0721761162
-0.0717719326
-0.0709333888
-0.0711595592
-0.0717245454
-0.0700545796
-0.071224648
-0.0724206662
-0.0712034164
-0.0719298396
-0.0714828172
-0.0714171238
-0.0716908036
-0.0720823522
-0.0714265616
-0.0721436972
-0.0707490978
-0.0694234746
-0.0714605736
-0.0706769166
-0.0715830826
-0.0702489006
-0.0725427954
-0.0728609886
-0.0723344696
-0.0715241062
-0.0719168962
-0.071303381
-0.0721610916
-0.0699205392
-0.0714377784
-0.0723507796
-0.06936852
-0.0711094546
-0.0709031676
-0.0712715748
-0.0707825056
-0.0701776778
-0.071095162
-0.0710209178
-0.0707066604
-0.0713345128
-0.0713431806
-0.0711550902
-0.0714760186
-0.0713141912
-0.0701702642
-0.070410863
-0.0708034034
-0.072232341
-0.0717281736
-0.0720516044
-0.0707432498
-0.0722423306
-0.0716427938
-0.0707624554
-0.0709828656
-0.071447929
-0.0712373894
-0.0711061888
-0.0728340592
-0.0710328364
-0.0711499726
-0.070955101
-0.0704126308
-0.0699291986
-0.0709753312
-0.0706567202
-0.0694872444
-0.0698181706
-0.069496888
-0.0712894658
-0.0722232476
-0.071916342
-0.0720388854
-0.0695322812
-0.0705089498
-0.0699278024
-0.072506564
-0.0725866524
-0.0708684228
-0.0712679694
-0.0713478604
-0.0715360084
-0.071636731
-0.070683651
-0.0705639816
-0.0708093552
-0.071139726
-0.0706677426
-0.0706454006
-0.0706109938
-0.0705999732
-0.0712716934
-0.0714192088
-0.0704879836
-0.0703650184
-0.070564555
-0.0713462492
-0.0707477066
-0.0701706266
-0.0704043918
-0.0708886664
-0.0709806938
-0.071178112
-0.0723274942
-0.0712465414
-0.0714928238
-0.07128658
-0.0710130556
-0.070879998
-0.0718880782
-0.0693565708
-0.0702970496
-0.070250644
-0.0698199414
-0.0698175934
-0.0700512008
-0.0702208618
-0.0717751874
-0.0722605226
-0.0711651396
-0.071904894
-0.071083856
-0.0705179282
-0.0705412034
-0.070080597
-0.0718070018
-0.0711837268
-0.0703644256
-0.0711048702
-0.0708594742
-0.0707561946
-0.0723493188
-0.0704664014
-0.0720070804
-0.0711139156
-0.0717361758
-0.0713622666
-0.0720143008
-0.071541119
-0.0703125478
-0.0692485058
-0.0704374774
-0.0708227592
-0.0700681028
-0.0690907218
-0.0698561084
-0.069499043
-0.069849924
-0.0699178564
-0.0702302628
-0.0693271528
-0.0717001912
-0.06891799
-0.0699120052
-0.0706819562
-0.0704908132
-0.070622909
-0.0703566224
-0.070675541
-0.0715287814
-0.0708852938
-0.0703836124
-0.0710977866
-0.0711939264
-0.0712976336
-0.070462878
-0.0700566322
-0.06924378
-0.070281684
-0.0711777384
-0.0700059712
-0.069476885
-0.071278305
-0.0702641738
-0.0700541106
-0.071036801
-0.0703948374
-0.0709439478
-0.0713506374
-0.0713820884
-0.0724629808
-0.0716019946
-0.070900753
-0.0711758256
-0.0703651116
-0.0710252844
-0.0702627076
-0.0704798226
-0.0709412074
-0.070296378
-0.0714270398
-0.070962279
-0.0697725448
-0.0714816868
-0.0724436566
-0.0721793034
-0.072458802
-0.0714951402
-0.07097305
-0.0719371128
-0.0716952384
-0.0712884722
-0.0718296154
-0.0709659874
-0.0713578704
-0.0708668398
-0.0714568514
-0.071132833
-0.0698546788
-0.070832676
-0.0726169894
-0.0713113126
-0.0728835032
-0.0703968148
-0.0705775428
-0.0705060334
-0.0709804358
-0.070928326
-0.0706016548
-0.0709951074
-0.0700263816
-0.070544046
-0.0709755902
-0.0715820602
-0.071270558
-0.0687198124
-0.0709009822
-0.070537105
-0.0707810292
-0.0726691528
-0.0708557594
-0.0708830466
-0.0708801592
-0.0719050198
-0.0725344618
-0.072688097
-0.0716012516
-0.0711464044
-0.0708681816
-0.0709122704
-0.070913117
-0.0713339868
-0.070878969
-0.0707744964
-0.0713858276
-0.0703492572
-0.0717088828
-0.0706527504
-0.0717699944
-0.0724573798
-0.070235564
-0.0706663946
-0.0712899728
-0.0707793088
-0.0707793088