7.33915372
7.23381578
6.22628796
5.3088089
6.07743238
6.27688882
5.13241474
5.53323458
4.64487882
4.97519326
5.95159894
5.25935838
5.34904444
5.52849672
5.77635472
6.8808267
6.76751796
6.88397822
7.46425406
6.96077062
4.7315784
6.11676248
7.41942558
6.30393652
7.76945334
6.6564006
6.8444086
7.41052134
6.7954582
7.41728524
8.34519654
6.36311754
8.56982946
7.70002372
7.8717549
6.98697538
6.8058941
6.42155682
7.58793732
7.68770482
7.89948508
6.51546036
8.2752983
7.58916916
7.07917952
7.64068612
7.22287388
7.29627892
7.5884426
7.94453702
7.86273652
7.88988112
7.61540248
7.13304754
-0.0715124164
8.28318212
8.55206414
8.21869204
7.33653748
6.73875408
7.60667616
7.7109111
6.67283224
7.288738
7.0843519
6.9675082
7.39046586
7.06240278
5.32129234
7.40087312
7.79744342
9.21361236
8.69314866
7.62544294
8.11937504
6.61773942
5.8259839
6.78847854
6.75350492
4.58712356
6.63164968
5.748184
7.22655118
7.44137676
7.2822077
7.83457904
7.54204324
7.68514492
8.70593324
7.64723582
7.10607018
7.95916906
8.88855432
6.7460605
8.11408198
7.3650844
5.26484118
7.98109498
6.52832932
6.75714634
6.89173576
6.18695394
7.01600908
6.46709594
7.99051062
8.04801736
8.47398826
7.779751
8.4189121
7.53071886
7.49545284
8.89898244
8.96668
7.09431812
7.69960672
8.1357532
6.41465972
-0.0710753904
5.58429742
5.85508246
2.99083332
7.31382044
-0.0527031854
5.84881368
-0.0721112272
-0.071720451
-0.0705108298
5.05288684
1.020406412
7.19249282
7.19795574
7.12715202
7.31590672
7.27530276
7.1220395
6.08973728
7.2797608
6.44565234
6.17235978
6.16320468
6.67427276
6.68012932
7.15070816
7.23085042
7.60740542
7.45691172
7.36078612
7.50418772
7.81412906
6.57986406
7.95295774
7.75463694
5.35409062
7.78908758
6.6450574
7.4199306
6.99430054
7.79660966
7.0318303
6.53030746
7.18328184
7.03733976
7.49369026
6.42882282
7.4024715
7.34875998
6.44096628
8.0711096
8.09792204
6.80183118
8.60559198
8.05198718
7.32494126
8.24636256
8.8105011
8.2263248
9.06359406
7.2264958
7.37329732
7.89100772
7.9569725
7.5757646
7.61965256
7.0912607
7.62075054
7.98128556
-0.0723427328
7.46408678
7.29027916
7.5564596
7.2740932
7.12786396
7.32166146
7.44127978
7.07481854
7.59667496
7.62081318
7.10774984
7.33425206
7.73904416
7.85462304
8.58830752
7.39448108
8.7335553
8.4751419
8.93613998
7.63803506
8.69639084
8.29490238
7.3435004
9.16504054
7.37497356
8.29257106
8.135342
7.02338284
8.03693174
7.33439468
7.74596904
7.50638196
7.30790108
7.62610764
6.76705682
6.91815266
7.35953096
7.23430818
7.3562417
7.2722838
7.51857512
7.45082678
7.20783202
8.36274394
8.02239018
8.16425822
8.0645293
7.46927036
7.9569373
8.31061776
7.19618264
9.01508382
8.03216188
8.2988746
8.5921704
7.15030184
7.63627026
8.20649662
7.36973642
7.54596828
7.2980988
7.0881731
7.47812818
7.97883118
7.13583454
8.20068356
6.84614918
7.42435796
7.9669699
7.7394438
7.55974298
7.51386008
8.67248756
8.99959088
8.23557606
9.00651068
8.40227158
8.47028346
9.08076706
8.11618522
5.584041
7.80206778
7.31493318
7.46350034
7.36580636
8.56965336
7.97871716
7.70187716
7.87713116
7.78334978
7.78949648
8.04034038
8.42631778
9.46146376
-0.0667273832
8.17610554
8.4115227
7.64019772
8.34561118
7.28735964
7.69110344
7.84282766
7.20622548
7.5449936
7.50896592
7.40624502
7.74162302
7.38897352
6.6692516
8.08290224
8.17254608
7.66659586
9.27330974
8.91215992
8.5216039
7.6812685
9.05885878
9.35888414
9.17435986
8.69182814
7.66859882
7.56782298
7.83238712
7.8366536
8.13329924
7.07950484
6.77936406
6.4309784
7.16819268
7.83988214
8.10287232
8.50153142
8.727158
8.2299605
8.44845742
8.80253522
8.66944424
8.96775476
8.99864278
8.68456544
8.3663559
8.40176234
7.14907602
8.37456908
8.4888449
8.6257782
8.53977676
8.88745458
7.64308122
8.58409446
7.8814301
7.9559537
7.47830922
6.6488427
7.15341838
7.42346618
8.01784236
8.45140464
8.98165004
8.42252906
7.62083262
7.9326416
9.17936482
8.90045898
6.72992472
9.22085218
7.79900514
7.92653432
8.25607498
8.92518992
8.16875868
7.75355304
7.85233656
7.40058704
7.53426512
7.76059726
7.74971958
7.72571474
6.87134358
8.66878474
8.46026896
8.42536856
8.44292422
7.90615234
7.71086572
8.68780264
9.0804086
8.69501592
9.10882
8.45705552
7.7126665
9.78819796
8.16339564
8.52120772
8.99213922
7.08299634
8.6807871
8.65866068
7.75511308
8.33801372
8.31719166
7.00760214
7.84709096
7.39901014
7.7984271
7.92738024
6.33308364
7.02614844
7.79353488
7.19086204
8.12329568
8.31402042
8.26911448
9.3035223
7.7338892
9.61938996
9.00231304
9.49957574
8.7276225
8.83083686
8.6198029
8.06645938
8.195516
8.67098092
8.12250236
8.38224712
7.97507844
8.90854726
8.79745532
8.50919378
8.43012312
7.25932598
8.4900958
8.46003578
9.04344226
9.84923056
8.02245954
8.07964896
8.65411488
8.83039338
8.4936727
7.47169302
8.81459312
8.16956812
8.25931834
7.89712372
8.24984454
8.00056526
6.63647738
8.30537014
8.99217216
7.64498096
7.23728828
8.90377964
7.57613354
7.8257857
8.2498507
7.62139582
7.6935339
7.76464868
7.55919182
7.64842136
7.17856216
8.43406848
8.71836944
8.41930784
8.28399294
8.14591768
-0.0706919716
8.5968757
8.03695736
8.94268852
9.18399632
8.04547888
8.05018902
9.0775129
9.04066632
8.66374714
8.10238644
7.99549374
7.8194657
8.71364328
7.01630704
7.93255016
6.72334384
7.9467817
7.93416826
7.67370106
8.4997917
7.55151828
8.09385588
7.48115646
9.47204152
8.499924
-0.069938408
-0.0707050206
-0.0719387034
-0.0702662336
-0.0707462782
-0.0710047942
-0.0709126712
-0.0705702224
-0.0700643744
-0.0713076958
-0.0699885112
-0.0722269924
-0.0711507784
-0.0721559828
-0.0714491166
-0.0723070258
-0.0712513498
-0.071371861
-0.0712996082
-0.0705836272
-0.070579966
-0.0699190998
-0.071436724
-0.0713689582
-0.0705961314
-0.0715481724
-0.0710787596
-0.072764421
-0.0720534144
-0.0712730718
-0.070535379
-0.0719395452
-0.0712133936
-0.071532011
-0.072092988
-0.0733121984
-0.072197202
-0.069932993
-0.0708079588
-0.0695742296
-0.0716394766
-0.0704618754
-0.0700459502
-0.071530606
-0.070419714
-0.0711985784
-0.0702014494
-0.0700795704
-0.0689645358
-0.0699456934
-0.0705978508
-0.0703397532
-0.0700750354
-0.0721517352
-0.0703501788
-0.0691510112
-0.0701528842
-0.0698373692
-0.0702416682
-0.0687680958
-0.0708425716
-0.0701731368
-0.0706054348
-0.0717446658
-0.0713175678
-0.0709423946
-0.071280315
-0.0696878364
-0.0686532774
-0.0697952122
-0.069953828
-0.0703032604
-0.0704819894
-0.071523019
-0.0713201026
-0.07121215
-0.0723685832
-0.0712539932
-0.07145687
-0.0708736044
-0.0724241686
-0.0708862368
-0.0716888496
-0.0714051028
-0.0711461364
-0.0697453106
-0.0716704648
-0.070907958
-0.0703989342
-0.0715285088
-0.0696828828
-0.0716586072
-0.0717345024
-0.0710977916
-0.0725906758
-0.0699250546
-0.0700647232
-0.0704651572
-0.071286782
-0.0704268336
-0.071098445
-0.0710701782
-0.0713840172
-0.0696883812
-0.0711360462
-0.070403548
-0.0701065534
-0.068901834
-0.0709233118
-0.0701373436
-0.0706265362
-0.07094742
-0.069599166
-0.0701515784
-0.071356373
-0.0696090554
-0.0697979064
-0.0704548248
-0.070302909
-0.069819938
-0.0706619182
-0.0707201514
-0.0704196654
-0.0702571214
-0.0711933902
-0.071104649
-0.0704262138
-0.071749977
-0.0697672966
-0.0706155242
-0.0701707218
-0.0693434524
-0.0712439562
-0.0707852948
-0.0711299776
-0.0716194996
-0.0713481458
-0.0712261824
-0.0700107336
-0.0718555718
-0.0710051418
-0.0697794334
-0.0711014736
-0.072616702
-0.0711789624
-0.0725333916
-0.0711000138
-0.0714407468
-0.0721263762
-0.0701615606
-0.0716399088
-0.0713508424
-0.0705671902
-0.0706665152
-0.068858189
-0.0703208414
-0.0700685638
-0.0707539966
-0.0701483262
-0.0709027464
-0.0698074608
-0.0707346164
-0.0698436576
-0.0710555664
-0.0712074578
-0.0700178284
-0.0707941
-0.0695344894
-0.070898094
-0.0698104782
-0.0700309978
-0.071455085
-0.0714862808
-0.0707395332
-0.0709079062
-0.0710657496
-0.0699636152
-0.0701479434
-0.0694575682
-0.0701687984
-0.0694171176
-0.0702909932
-0.070788
-0.0703900624
-0.0703296914
-0.0719963306
-0.071341274
-0.0720159892
-0.0701592214
-0.0708015734
-0.0708157042
-0.0714321708
-0.0698690826
-0.0716859986
-0.0711191688
-0.0714325488
-0.0694674104
-0.0694268518
-0.0705086224
-0.0705467078
-0.0699025462
-0.07082432
-0.0699680476
-0.0710546524
-0.0701106074
-0.0695881998
-0.0715785958
-0.0710240974
-0.0702610828
-0.0702984378
-0.0703543254
-0.070949412
-0.070735828
-0.070938071
-0.0707024816
-0.0699493722
-0.069071536
-0.069262954
-0.0711138218
-0.0711092128
-0.0715784276
-0.0699260636
-0.0711501086
-0.0706466028
-0.0712789512
-0.0715502736
-0.0703162496
-0.0710040214
-0.0720987968
-0.0715486158
-0.070015363
-0.0700521998
-0.0694167482
-0.0707939326
-0.0703179028
-0.0694833432
-0.0695443058
-0.0709141028
-0.0709368318
-0.0712988592
-0.0716347696
-0.0702605522
-0.0707949286
-0.071060258
-0.0717310656
-0.0698930708
-0.070312958
-0.0721147742
-0.0709830402
-0.0719424278
-0.0698592042
-0.071281274
-0.0709755208
-0.0723485232
-0.0710971712
-0.0695048778
-0.0706421202
-0.0708494366
-0.07159213
-0.0708168348
-0.0714027244
-0.0714172544
-0.069998955
-0.0719252722
-0.0706730978
-0.0711671062
-0.0706607994
-0.070800358
-0.0720921212
-0.0704773096
-0.0685022622
-0.0707163962
-0.0680352404
-0.0695244474
-0.0704239026
-0.070623861
-0.0709762246
-0.0704108946
-0.0720978386
-0.070525868
-0.0701299242
-0.0696364168
-0.0697615584
-0.0689228026
-0.0701082836
-0.068736204
-0.0689761004
-0.0702816534
-0.068257876
-0.0697226418
-0.0715913082
-0.0700477302
-0.0700076008
-0.0701262928
-0.0697517484
-0.0691135748
-0.0682922056
-0.0705053728
-0.0703696122
-0.0693871972
-0.0703163612
-0.0700908494
-0.0717679618
-0.071202668
-0.0707365566
-0.0701784342
-0.069624317
-0.0704275394
-0.0692698204
-0.0703594022
-0.0702604838
-0.069134583
-0.0690918286
-0.07024658
-0.0700509754
-0.0689051818
-0.0692097962
-0.069302134
-0.0700535442
-0.069292179
-0.0691973698
-0.0705625732
-0.0698981498
-0.0706543038
-0.0686738724
-0.070066838
-0.0692708494
-0.0703453388
-0.0698714566
-0.0701522002
-0.0690164188
-0.0708761316
-0.0707581766
-0.0709988352
-0.0699138934
-0.070035568
-0.0717236306
-0.0717256752
-0.070664229
-0.069074311
-0.0707163342
-0.0711355178
-0.0702010946
-0.0709897564
-0.070393939
-0.0708053998
-0.0704418012
-0.0698349044
-0.0719379184
-0.0706622562
-0.0686669
-0.0701016306
-0.06991897
-0.0684952446
-0.0694261302
-0.0705768848
-0.0693136906
-0.069283041
-0.0688523754
-0.0697398202
-0.070608148
-0.0707631102
-0.0701480076
-0.0695307292
-0.070193669
-0.0689074238
-0.0707605042
-0.0694654158
-0.0699740084
-0.0701466058
-0.069592135
-0.0705710896
-0.0700890472
-0.0706607092
-0.068717619
-0.069935852
-0.0714971478
-0.071066258
-0.0700871406
-0.0703251278
-0.0698188806
-0.0692695368
-0.06880853
-0.0683415442
-0.0695917982
-0.0707283374
-0.069952503
-0.0705367724
-0.0710540272
-0.0702694668
-0.070410624
-0.070280769
-0.0710711402
-0.0712011
-0.070072484
-0.069979048
-0.0693972138
-0.0705042722
-0.0693797504
-0.069895582
-0.069031402
-0.0704413512
-0.0694291678
-0.0696382818
-0.0692691228
-0.0692129406
-0.0694657222
-0.0708387694
-0.0694400406
-0.0699883058
-0.0694278134
-0.0678142056
-0.069266448
-0.0695937024
-0.0690320388
-0.0698795082
-0.0700318884
-0.0697527912
-0.0719521934
-0.070588799
-0.0689612168
-0.0689612168