-0.072258686
-0.0736250722
-0.0726331378
-0.072094329
-0.0713960742
-0.0734279676
-0.0722064282
-0.070832556
-0.0723579966
-0.0715897214
-0.072222092
-0.0732905456
-0.0719950182
-0.0716477948
-0.0703504284
-0.073331195
-0.0731721808
-0.0740931758
-0.072267361
-0.070802041
-0.0721158902
-0.0728268128
-0.0719975758
-0.0726319068
-0.0724634506
-0.0729430088
-0.0732316648
-0.0729729694
-0.0723400466
-0.0729633204
-0.071841803
-0.0727879056
-0.0722257908
-0.0730204172
-0.072402369
-0.0722375372
-0.0717872588
-0.0722097938
-0.0725500118
-0.071352158
-0.0712208008
-0.0738198196
-0.071673406
-0.07073043
-0.070880152
-0.0711789292
-0.071525279
-0.0719141486
-0.0708556802
-0.0719802072
-0.0721401426
-0.0715526658
-0.0725829318
-0.0719517348
-0.0730080088
-0.0739904658
-0.0725104022
-0.0732051874
-0.0717113022
-0.0721564838
-0.0730837216
-0.0735227152
-0.0719383982
-0.0719565124
-0.07278082
-0.071068939
-0.071384898
-0.0707186564
-0.0713665488
-0.0719628698
-0.0724978384
-0.0716056778
-0.072098813
-0.0729793288
-0.0720084672
-0.0702242298
-0.072205569
-0.0723397002
-0.0700416744
-0.0726228104
-0.0722284788
-0.0712167174
-0.0716428976
-0.0708001154
-0.0700180174
-0.0711116192
-0.0717528578
-0.0722579168
-0.0718398032
-0.0706524048
-0.0708258564
-0.0721813228
-0.0715313292
-0.072313589
-0.0719448228
-0.0724646014
-0.072618908
-0.0726646962
-0.0719633362
-0.072721006
-0.071939905
-0.0729996668
-0.073844846
-0.0728418028
-0.0728625526
-0.0728591072
-0.0725287402
-0.0729677874
-0.071987111
-0.0721172072
-0.073085784
-0.0721994372
-0.0728460496
-0.0722426088
-0.0729524812
-0.07344723
-0.0739650746
-0.0729168276
-0.0711269926
-0.0736556644
-0.0721466544
-0.0720506706
-0.0719430052
-0.0729041698
-0.07384189
-0.0719444408
-0.0719584624
-0.0726080012
-0.0721020292
-0.073158397
-0.0732420136
-0.0732846672
-0.0731451364
-0.0726207388
-0.0713953588
-0.0721419092
-0.073751676
-0.0719663404
-0.072183938
-0.0717714358
-0.0726178118
-0.0731878442
-0.0735434896
-0.0732387578
-0.0724203656
-0.0724835992
-0.0730681926
-0.0725520072
-0.072048097
-0.0725976674
-0.0725461098
-0.0729002032
-0.0732348922
-0.0746417468
-0.0740016154
-0.0735328212
-0.073591648
-0.074142753
-0.0724670552
-0.0740315834
-0.073739651
-0.0742930104
-0.0732713424
-0.0729547658
-0.0732270536
-0.0723584578
-0.0721787516
-0.0728248768
-0.0724956568
-0.0724571586
-0.0725497186
-0.0714066468
-0.0713490402
-0.0719600024
-0.0729427498
-0.071862059
-0.07113914
-0.0715959086
-0.071738773
-0.0712004824
-0.0722597318
-0.0710791452
-0.0724952378
-0.072362286
-0.0722418202
-0.072221769
-0.0719233342
-0.07186148
-0.0697598572
-0.0693446304
-0.0706646812
-0.0687952066
-0.0708908946
-0.0702925028
-0.0700083058
-0.0719310736
-0.0705676926
-0.0716582336
-0.071034097
-0.0703461084
-0.070789798
-0.0706639198
-0.0710717938
-0.0717531352
-0.0707639828
-0.070705304
-0.0709752524
-0.0708781978
-0.0706033556
-0.070796895
-0.0703911408
-0.0709368344
-0.0698849738
-0.0711077924
-0.071814288
-0.0707059994
-0.0690397564
-0.0714020036
-0.070236919
-0.0681018276
-0.07096627
-0.0702312674
-0.0730151342
-0.069886729
-0.0708979278
-0.071281441
-0.0701497836
-0.070796744
-0.0698865172
-0.0690745508
-0.070149824
-0.070187617
-0.0688248314
-0.0697149886
-0.0711751072
-0.0707783888
-0.0715055494
-0.072791213
-0.0709146744
-0.0710275714
-0.0709474346
-0.0696741508
-0.0722084696
-0.070868824
-0.071096841
-0.071753833
-0.0715842326
-0.0699025724
-0.0713012812
-0.0713175308
-0.071948745
-0.0705814006
-0.072056819
-0.0708029592
-0.0709178734
-0.0701173188
-0.0699689286
-0.0709034722
-0.069233493
-0.0709463076
-0.0701071346
-0.0698587346
-0.0712003614
-0.070497578
-0.0706330312
-0.0716404746
-0.06982368
-0.0718717718
-0.0728071014
-0.0721559952
-0.0717969496
-0.0707222774
-0.0708354846
-0.0709540524
-0.0712846474
-0.0709271016
-0.0719768912
-0.0706661048
-0.0713779182
-0.0715012116
-0.0712675708
-0.0716208028
-0.0717971214
-0.0709802856
-0.0718929466
-0.0706940292
-0.0714190898
-0.069976616
-0.0679422374
-0.069354561
-0.0708440546
-0.0702259358
-0.0703562172
-0.07144887
-0.0712767612
-0.0689632434
-0.0712314536
-0.0710525998
-0.0701969566
-0.070516204
-0.0707997106
-0.070219835
-0.0719249328
-0.0713403198
-0.0706201206
-0.0697691154
-0.0690529828
-0.0700181356
-0.0701238382
-0.0708617446
-0.0706465578
-0.069726724
-0.0725960656
-0.0712721862
-0.0719322046
-0.0713571024
-0.0725232592
-0.0713464588
-0.071894087
-0.071370023
-0.0709241396
-0.0702991058
-0.0719980554
-0.073406318
-0.0720899248
-0.071587939
-0.0728267672
-0.0719707184
-0.0718654126
-0.0719947406
-0.0722971232
-0.0726617048
-0.0715804712
-0.0716780474
-0.07256164
-0.072510247
-0.0714354648
-0.0730567608
-0.070767628
-0.0711071648
-0.070720679
-0.0709795254
-0.0730015534
-0.0717761246
-0.0723402244
-0.0720605708
-0.072232733
-0.0719301796
-0.07201489
-0.0737025094
-0.0716058772
-0.0722323532
-0.0728435592
-0.0715724738
-0.0725246644
-0.0723449278
-0.0723908892
-0.0736244336
-0.0734954372
-0.0739914828
-0.0722145816
-0.0716452432
-0.0722365776
-0.0710709334
-0.0721331502
-0.0710730492
-0.0715544256
-0.0726361578
-0.0716089334
-0.071409967
-0.0706540272
-0.0703450198
-0.0715427962
-0.072363842
-0.0720068678
-0.0716941214
-0.0716711058
-0.0710546996
-0.07304968
-0.0714522848
-0.0713633554
-0.0713648688
-0.0730885718
-0.0720408756
-0.071163249
-0.072094701
-0.070048434
-0.0710683054
-0.071199363
-0.0702450796
-0.0718143212
-0.0716679348
-0.069876251
-0.0717361068
-0.0716145954
-0.07280405
-0.071950524
-0.0709197194
-0.0702683456
-0.072431597
-0.0713945634
-0.070671341
-0.0714581524
-0.070958709
-0.0713351032
-0.0715995822
-0.0724311318
-0.0723790428
-0.0724073588
-0.0722968726
-0.0716893796
-0.0721180112
-0.0706355188
-0.0703018596
-0.0719551278
-0.0719799724
-0.0721754106
-0.0723673128
-0.0706311272
-0.0705997336
-0.0714767696
-0.0720002578
-0.0713306806
-0.0710253048
-0.0712791306
-0.0701745384
-0.0700048326
-0.0715008272
-0.0720061746
-0.0706075344
-0.0717286738
-0.0714408354
-0.0698116096
-0.0713581644
-0.071869003
-0.071807884
-0.0718115932
-0.07263473
-0.0703481756
-0.0707213588
-0.0717501764
-0.0731979884
-0.0711405498
-0.0707682434
-0.0729737004
-0.0713990106
-0.071112935
-0.0701963314
-0.071745862
-0.0717495048
-0.0695963046
-0.0716604604
-0.0708233178
-0.0700546356
-0.0708198364
-0.0699233532
-0.0698973354
-0.0695766164
-0.0706727878
-0.0702555912
-0.0708860224
-0.0716543652
-0.071783515
-0.071125066
-0.0724799758
-0.0711032586
-0.0731920888
-0.0716549156
-0.0706200506
-0.0730010666
-0.0721092972
-0.070843712
-0.0705445152
-0.069792304
-0.0714565036
-0.0705474834
-0.0701807542
-0.0704046578
-0.070808715
-0.0706775214
-0.0712817798
-0.0708457304
-0.071203945
-0.071529981
-0.0709914998
-0.072663357
-0.071658565
-0.0718305622
-0.0721586804
-0.0713092286
-0.0717295552
-0.0719854046
-0.0706532644
-0.0709189082
-0.07040604
-0.0730725498
-0.073341134
-0.073054876
-0.0707258112
-0.0718140448
-0.0724287692
-0.0716021626
-0.0716909606
-0.0725842856
-0.071800994
-0.0728059654
-0.0709299584
-0.0713968548
-0.0728125788
-0.0729291422
-0.0726551096
-0.0720582908
-0.0721411846
-0.070858695
-0.0722286266
-0.0722210844
-0.0710212018
-0.071643576
-0.0718831644
-0.072681967
-0.071599912
-0.0726782868
-0.0711173084
-0.0712246794
-0.0716961648
-0.0720910524
-0.0720947434
-0.0710723072
-0.0704322262
-0.0716153992
-0.0715204646
-0.072001679
-0.07168439
-0.0726939252
-0.0719254378
-0.0726696902
-0.0714978508
-0.0720476284
-0.0725114638
-0.0704441704
-0.071976754
-0.0712241186
-0.071056123
-0.0723589402
-0.071969679
-0.0712272408
-0.0701622292
-0.071584923
-0.0702700654
-0.0714557366
-0.070702068
-0.0718734452
-0.0711200608
-0.0728910598
-0.0712445498
-0.0717176992
-0.0724222468
-0.0711576398
-0.0711491316
-0.0716306146
-0.0713383806
-0.0706382966
-0.0694232496
-0.0710872554
-0.0705964028
-0.072199855
-0.0706640748
-0.0712557788
-0.0710481128
-0.0708621094
-0.0724683046
-0.0697611996
-0.0711381224
-0.070822059
-0.0707489424
-0.0718429964
-0.0723686136
-0.0705204372
-0.0700496446
-0.0713362064
-0.0724858594
-0.0699668084
-0.0722683438
-0.0712029312
-0.0709597648
-0.071211714
-0.0690626752
-0.0704318014
-0.0721294728
-0.071027582
-0.0717197176
-0.0719878162
-0.072954047
-0.0718606626
-0.0734075056
-0.0724792402
-0.0718441378
-0.071961322
-0.0718966936
-0.072381052
-0.07266094
-0.070552911
-0.0709680352
-0.071112976
-0.0704754284
-0.0703362758
-0.0721611206
-0.07032671
-0.0709480938
-0.0715375848
-0.071430761
-0.0717809608
-0.0727246436
-0.0720054748
-0.070334117
-0.0711869208
-0.0721849914
-0.0704511298
-0.0714019966
-0.070674753
-0.0717516924
-0.0728463282
-0.0712920586
-0.072242851
-0.0728876828
-0.0722660724
-0.072468359
-0.0716779884
-0.0713529304
-0.0702594794
-0.0711270234
-0.0718353022
-0.0717998014
-0.0729218636
-0.0717146158
-0.0733883322
-0.0709461994
-0.0737897602
-0.0731110792
-0.071653873
-0.071234797
-0.0721120782
-0.0726479966
-0.0713893884
-0.072529535
-0.0724281486
-0.0717637104
-0.071837417
-0.0719607218
-0.0712391822
-0.070720636
-0.0709417036
-0.0710054412
-0.0724271194
-0.0726813502
-0.0709352812
-0.0715623674
-0.0706379314
-0.0708187946
-0.0714328016
-0.072203645
-0.0710726238
-0.0704818266
-0.070872124
-0.071533281
-0.0715188822
-0.0706981772
-0.0712835762
-0.071162074
-0.0707313738
-0.0731675
-0.0706240672
-0.0706915904
-0.0715437136
-0.0715753604
-0.0704522138
-0.0714137542
-0.0722240622
-0.0716622496
-0.0722777786
-0.07269396
-0.0699093286
-0.0720836242
-0.0713742322
-0.070944045
-0.0711126564
-0.0705799396
-0.0727452268
-0.0715079554
-0.0712970072
-0.0718696092
-0.071883444
-0.0731375538
-0.0721668168
-0.0706347132
-0.0727303934
-0.0720823648
-0.070775939
-0.0703544726
-0.0722560756
-0.0717761416
-0.071236566
-0.0705998828
-0.0706391558
-0.0705689246
-0.0715014104
-0.0727680246
-0.0688745322
-0.0702330864
-0.0718264488
-0.0701671272
-0.0704560586
-0.0709582798
-0.070984981
-0.0719797318
-0.0697496344
-0.0714288744
-0.072265211
-0.0699527082
-0.0706074552
-0.0698937042
-0.071363188
-0.0719700922
-0.0724446272
-0.0705127312
-0.0696663782
-0.0706868674
-0.070608358
-0.0693140514
-0.07131605
-0.0698921322
-0.0692177016
-0.0712355086
-0.070889683
-0.071066187
-0.0700491156
-0.0696755872
-0.070373447
-0.0699414746
-0.0705663502
-0.07153495
-0.0711099618
-0.0717574488
-0.070507661
-0.0715392932
-0.0722499258
-0.0717408128
-0.0703821506
-0.0702764016
-0.0717179836
-0.069806273
-0.0698569138
-0.0704402566
-0.0712334564
-0.0717220552
-0.0712379346
-0.0717458604
-0.0710133332
-0.071382735
-0.0718478028
-0.070574933
-0.072492503
-0.0725070978
-0.0713878462
-0.0710858662
-0.0712882484
-0.0708958576
-0.0716678632
-0.0711626372
-0.0703596292
-0.070207534
-0.0717570574
-0.0713941108
-0.0698262972
-0.0695818194
-0.0712996406
-0.0703414816
-0.0700377016
-0.0703526214
-0.0696794416
-0.069635701
-0.070998128
-0.0710488236
-0.0695869662
-0.0710691456
-0.0719325614
-0.0706481792
-0.0713636134
-0.0700865972
-0.0710944646
-0.072218637
-0.0705969336
-0.0711515482
-0.0713558476
-0.0710561398
-0.068547475
-0.0699877764
-0.071313765
-0.071368291
-0.0697385112
-0.0706958558
-0.070271877
-0.070911043
-0.0716026894
-0.0705152124
-0.0691229352
-0.0711461774
-0.0717209412
-0.0727740034
-0.0715636168
-0.0703549908
-0.0713707388
-0.0720064008
-0.0710413094
-0.0728173922
-0.0715228008
-0.072612292
-0.0727752836
-0.0715921004
-0.0710503448
-0.0718153922
-0.0700735256
-0.069529852
-0.071098454
-0.071417559
-0.0699821134
-0.0711622262
-0.0711235316
-0.0704085398
-0.0703806604
-0.0712268764
-0.0700206448
-0.070783851
-0.0700220406
-0.0706919212
-0.0697087074
-0.0706785106
-0.0686996774
-0.070718916
-0.0706913056
-0.0704708286
-0.0715233294
-0.0693846
-0.0709237904
-0.0693971484
-0.0701007708
-0.0713900098
-0.071690916
-0.0724509086
-0.0720986946
-0.0710334136
-0.0714973894
-0.071211286
-0.0705524736
-0.0717221586
-0.0716093576
-0.0716396842
-0.0715950584
-0.0714268602
-0.0708713008
-0.071903563
-0.0722771744
-0.072705451
-0.0717892488
-0.070975953
-0.0713379242
-0.0715035632
-0.072628419
-0.0726574758
-0.070468318
-0.0718268214
-0.0719114928
-0.069586179
-0.0708440864
-0.0693987078
-0.0707174908
-0.0711310126
-0.0698442526
-0.0701002378
-0.070916016
-0.0696705668
-0.070380545
-0.0709948682
-0.071585336
-0.071871582
-0.0708701772
-0.071276228
-0.0703754512
-0.0728843692
-0.0705656496
-0.0700425342
-0.0699766934
-0.0694862044
-0.0698768102
-0.0693982882
-0.0692094762
-0.0710207794
-0.0692896932
-0.0703637874
-0.070098179
-0.0700709382
-0.0698880024
-0.0704262418
-0.069658816
-0.0696150986
-0.0706261466
-0.070541866
-0.0695973974
-0.0702858144
-0.0707685396
-0.0706141856
-0.0691692906
-0.0696005214
-0.0707383862
-0.0709557204
-0.0711026502
-0.0695746356
-0.0694038322
-0.0708255496
-0.0708132068
-0.0700037044
-0.0707142464
-0.0692386922
-0.0711420694
-0.070430726
-0.0715004874
-0.072150917
-0.0708937906
-0.0702723856
-0.0711939562
-0.0704561674
-0.0704005478
-0.0696260228
-0.070037504
-0.071099394
-0.0705634952
-0.0719182672
-0.0705458346
-0.0715246114
-0.0702386274
-0.0692794436
-0.0699400914
-0.070823033
-0.0708289718
-0.0698743712
-0.0714968226
-0.0700819742
-0.0699712084
-0.0701429108
-0.0701358734
-0.0699392518
-0.0684224034
-0.0691977218
-0.070347974
-0.0711677294
-0.0719305714
-0.0697410004
-0.070093682
-0.0698580734
-0.0717996236
-0.0723901068
-0.0710843766
-0.0706502472
-0.0704244288
-0.0700580612
-0.069475889
-0.0695948076
-0.0707457748
-0.0701354814
-0.0705298842
-0.0700518788
-0.0708606632
-0.0707783122
-0.0710634416
-0.0705678756
-0.0718621732
-0.069865083
-0.070448033
-0.0695087478
-0.0701900156
-0.0704075598
-0.0701969722
-0.0716339004
-0.0721972598
-0.071494553
-0.0711477042
-0.0714199254
-0.0705305458
-0.0712968934
-0.0709882748
-0.0710885726
-0.0711593338
-0.0703505076
-0.0711636984
-0.0704996866
-0.0703257692
-0.0711318494
-0.0706218232
-0.0708490674
-0.0708880042
-0.0710771536
-0.0706523638
-0.0705721336
-0.0710483146
-0.070871015
-0.0710297886
-0.0709966626
-0.0714237402
-0.0701327218
-0.070638387
-0.0710850176
-0.0712298688
-0.0709278104
-0.0715047338
-0.0714992198
-0.0718215488
-0.0718821236
-0.0716491546
-0.0712358508
-0.0725879254
-0.0702240016
-0.0716814008
-0.0711680282
-0.07221286
-0.0720592006
-0.0705797128
-0.071691341
-0.0709332354
-0.071257122
-0.0717227592
-0.0720210466
-0.0713325906
-0.0714532
-0.0698283426
-0.070288879
-0.0721904928
-0.0723550412
-0.0712613704
-0.0717452972
-0.0725331218
-0.070882826
-0.0712749446
-0.0720399806
-0.0715880636
-0.0718327272
-0.0725141204
-0.0720574008
-0.0709582628
-0.0721055354
-0.0708882286
-0.0701311552
-0.0718362104
-0.072081485
-0.0713795706
-0.0715175976
-0.072323304
-0.0705953558
-0.0734222384
-0.072375615
-0.0725844818
-0.07165696
-0.071126152
-0.0722442548
-0.071574189
-0.072388241
-0.071759958
-0.0711505326
-0.071480062
-0.0712742998
-0.0707114024
-0.0713084832
-0.072216412
-0.0726036822
-0.071672223
-0.0730260154
-0.0713156938
-0.0721269358
-0.0729958882
-0.071484996
-0.0729440158
-0.070387528
-0.0706625814
-0.0724347216
-0.0709476148
-0.0724282392
-0.072534237
-0.0734773266
-0.0727608738
-0.0731571582
-0.0717330328
-0.072404823
-0.0715428422
-0.0717344374
-0.0713535456
-0.0706032694
-0.0733425178
-0.0722576504
-0.0720467282
-0.0730827584
-0.0728519828
-0.07412127
-0.0722226928
-0.0717189582
-0.073350392
-0.073460031
-0.0730004884
-0.0725611078
-0.07245673
-0.0722709226
-0.071145743
-0.0722734562
-0.0726391436
-0.071910774
-0.0719339192
-0.0715836262
-0.0728796178
-0.0722894262
-0.0718271332
-0.0705745238
-0.0731343912
-0.0735400174
-0.0723080196
-0.0719331708
-0.0713840766
-0.0727635456
-0.0731005048
-0.0717276312
-0.0711813808
-0.0717084454
-0.0707612652
-0.0735192468
-0.071209329
-0.0719127994
-0.0727652486
-0.0726757318
-0.0722734022
-0.0727875272
-0.0740579854
-0.0731095104
-0.0733559168
-0.0733357058
-0.0729696582
-0.0725451248
-0.0733714588
-0.072960664
-0.0710824488
-0.0720157942
-0.0719024504
-0.0708553732
-0.0696719236
-0.0705196148
-0.0729345246
-0.0723645918
-0.0715233164
-0.0716564262
-0.0729368292
-0.0707074692
-0.0725424046
-0.072928039
-0.072510002
-0.0718692288
-0.0716388698
-0.0714534038
-0.0717862136
-0.0716875914
-0.0714511822
-0.0712382456
-0.0722155488
-0.0730504504
-0.072038038
-0.0726172336
-0.0726063044
-0.0721418146
-0.0715216532
-0.0737532832
-0.07172817
-0.0726411814
-0.072139151
-0.0720377488
-0.0720540572
-0.0715873576
-0.0726801366
-0.0730528972
-0.0715913754
-0.071568385
-0.071942838
-0.072665682
-0.072015273
-0.0731646736
-0.0712319508
-0.0710058996
-0.0718632756
-0.0705594614
-0.0711774502
-0.0715116968
-0.0706296554
-0.0722868668
-0.0717811698
-0.071338808
-0.0708619842
-0.0711179194
-0.0713595288
-0.0706375508
-0.0714937348
-0.0722007368
-0.0735892638
-0.0717634906
-0.071339782
-0.0726204022
-0.072265599
-0.0713616828
-0.0719820608
-0.0740630784
-0.0719893276
-0.070534627
-0.0734156096
-0.0714674292
-0.0725169622
-0.0718146336
-0.0718128648
-0.0727618382
-0.0729502506
-0.0723265998
-0.0725441846
-0.072495534
-0.072635199
-0.0730738588
-0.0703139594
-0.072075846
-0.0708676994
-0.0715128818
-0.0719258144
-0.0727067136
-0.0726751396
-0.071948805
-0.072010523
-0.0719759916
-0.0738154824
-0.0725599784
-0.0720345098
-0.07231276
-0.070813402
-0.0717922006
-0.070499073
-0.0716016724
-0.0704758336
-0.0731514542
-0.071884232
-0.0716544406
-0.0713087448
-0.0726332214
-0.0725011994
-0.0709348932
-0.0719927218
-0.0723420578
-0.0733481572
-0.0721914798
-0.0713527458
-0.0732881096
-0.0703953892
-0.0720837264
-0.0732398592
-0.0710689052
-0.070410704
-0.072443161
-0.0733991192
-0.0722252868
-0.0706054288
-0.0718709646
-0.0721719754
-0.072658252
-0.0708943214
-0.0729687904
-0.0713284186
-0.0726265934
-0.0715518038
-0.0716718064
-0.0724298606
-0.0717764924
-0.0714842696
-0.0718458928
-0.0718706918
-0.0719027338
-0.0709273548
-0.071195792
-0.072235219
-0.0716496764
-0.072528955
-0.0709111842
-0.0724272154
-0.072476205
-0.0728283532
-0.0725500606
-0.0727288026
-0.0721359062
-0.0722909742
-0.0707526118
-0.0714641756
-0.0697634984
-0.0697456706
-0.0713804364
-0.071366394
-0.0721339202
-0.0720041634
-0.0716810434
-0.0733177562
-0.0708292932
-0.0715378472
-0.0716669394
-0.0717716822
-0.0708517632
-0.0713860428
-0.0717263222
-0.0715354766
-0.070777716
-0.072439854
-0.0718137618
-0.0716143448
-0.0716561564
-0.0705744174
-0.0703711626
-0.0702434746
-0.0720603144
-0.0723141278
-0.072695178
-0.0726838252
-0.072364207
-0.0722504144
-0.0721753262
-0.0729918194
-0.0722203814
-0.07179529
-0.0715265366
-0.0722735078
-0.0716164082
-0.0714241568
-0.072291576
-0.0718132894
-0.0710608192
-0.0727116194
-0.0722169212
-0.072842363
-0.073648324
-0.0726922628
-0.07359361
-0.0734883456
-0.0717273634
-0.0729431496
-0.0728353678
-0.0729686106
-0.0732988546
-0.0717185914
-0.0727336138
-0.0722767094
-0.0723141516
-0.0729293238
-0.0714751284
-0.072870761
-0.0716336078
-0.0723135866
-0.0722466136
-0.0725715614
-0.0724592342
-0.0729333236
-0.0728294338
-0.0722060648
-0.0729326012
-0.0723589052
-0.0722530016
-0.07146728
-0.0729863918
-0.0744668106
-0.0736970962
-0.0715942394
-0.0716120532
-0.071839193
-0.0736793944
-0.0723979964
-0.0709723154
-0.0707412422
-0.0718059266
-0.0725860152
-0.073208188
-0.0717116118
-0.0716772048
-0.0732139664
-0.071591918
-0.0719595802
-0.072364862
-0.0713134602
-0.0721112818
-0.0712738174
-0.0717964596
-0.071277303
-0.0708937528
-0.0708778912
-0.0724233908
-0.071320894
-0.0720150014
-0.0703722632
-0.0736658608
-0.0733043838
-0.0724486386
-0.072634912
-0.0720826612
-0.0717457024
-0.073460251
-0.070624984
-0.072628179
-0.0710660536
-0.0705302716
-0.0711573788
-0.0707583082
-0.0709928794
-0.0710914832
-0.0711094692
-0.0701569314
-0.0709274772
-0.0698244872
-0.0705753174
-0.0713099266
-0.0699614886
-0.0704476548
-0.0698282554
-0.0715368934
-0.0709228196
-0.0704377194
-0.0711136268
-0.0705081572
-0.071565394
-0.071542527
-0.0709364572
-0.069986062
-0.0707473444
-0.0722127164
-0.070115449
-0.071794486
-0.071299777
-0.0713479538
-0.069425326
-0.0704850938
-0.0700327332
-0.0697380536
-0.070106759
-0.0707227668
-0.071555221
-0.0711919286
-0.0708250184
-0.0704392834
-0.069940055
-0.0719915682
-0.073695758
-0.0720431734
-0.0709002418
-0.071480775
-0.0722537148
-0.0722817342
-0.072100907
-0.0727292592
-0.071673468
-0.0709970368
-0.0717961342
-0.0710747164
-0.0708339134
-0.0727004058
-0.0726624942
-0.072517654
-0.0713802946
-0.0719119802
-0.0706300848
-0.0704172208
-0.070223417
-0.071438017
-0.069570713
-0.0692127458
-0.071853513
-0.0700678968
-0.071042758
-0.0697116834
-0.0700625146
-0.0703433078
-0.0707243936
-0.0704761342
-0.0723697866
-0.0710648828
-0.0710242914
-0.0712213432
-0.0707121706
-0.0724087264
-0.0709695684
-0.0704247552
-0.0715831324
-0.0724730012
-0.0716010308
-0.0703094272
-0.0705600166
-0.0700065674
-0.070896279
-0.0720946456
-0.0725532396
-0.0701689184
-0.0700672832
-0.0712630816
-0.0693498178
-0.0716863118
-0.0721848196
-0.0726711786
-0.0717594706
-0.070316844
-0.072063964
-0.0716343652
-0.071214484
-0.0721087666
-0.0719630516
-0.0722239174
-0.0711058446
-0.070933137
-0.0703987772
-0.0712107582
-0.0707469386
-0.0704878426
-0.0712905584
-0.071800765
-0.071778573
-0.0715740718
-0.0697803838
-0.0697084508
-0.0715707614
-0.0718786046
-0.072948486
-0.0720314946
-0.073252484
-0.0715078076
-0.071252258
-0.071720417
-0.0703966786
-0.0717745722
-0.0698541238
-0.072647693
-0.0723111204
-0.0715178064
-0.0722119922
-0.07034479
-0.07252753
-0.069440147
-0.0717617526
-0.0701120772
-0.0721636986
-0.0703358586
-0.0707335178
-0.0716270488
-0.0713810174
-0.071831138
-0.0714911046
-0.071145833
-0.0721532698
-0.0713244798
-0.070575666
-0.0710112012
-0.0713742816
-0.0707505722
-0.07060137
-0.0693534024
-0.0707986064
-0.0715110034
-0.0709397002
-0.0704966168
-0.071637448
-0.070949909
-0.0710703402
-0.0707629074
-0.0707745768
-0.0707646302
-0.0700770598
-0.0716854762
-0.0717794712
-0.0728244124
-0.0713538684
-0.0705807012
-0.0707893758
-0.0703831926
-0.0706499956
-0.0704198474
-0.0707736776
-0.0723106736
-0.0719765422
-0.0717660908
-0.0708877952
-0.0700935938
-0.0716961118
-0.0718004744
-0.070910056
-0.072398806
-0.071159325
-0.070453642
-0.0715354124
-0.0717117004
-0.0701474358
-0.0706214494
-0.0718369304
-0.0700634602
-0.0713241158
-0.0712191114
-0.0709637706
-0.0698564506
-0.0709201804
-0.0714544428
-0.0716962052
-0.0708356044
-0.0707380442
-0.0705097864
-0.0723003352
-0.0716831544
-0.0715902718
-0.0705055466
-0.070317914
-0.0728328764
-0.0713830912
-0.0708065582
-0.0713295222
-0.0712373978
-0.070089199
-0.0704509172
-0.0706152802
-0.0714753622
-0.0705122314
-0.0716774822
-0.071568405
-0.0713341414
-0.0712789476
-0.0719811812
-0.0706779458
-0.0722232354
-0.0722241272
-0.0712449478
-0.0727632602
-0.0735501066
-0.0731332058
-0.072298633
-0.0718461626
-0.0727294446
-0.0709445792
-0.0730380278
-0.0731916294
-0.072972254
-0.0724292146
-0.0718681726
-0.072007094
-0.0726865812
-0.0724517968
-0.0714408446
-0.0714152962
-0.0720432584
-0.0728970668
-0.0726215172
-0.0731700142
-0.073457695
-0.0716357382
-0.0729785988
-0.071597069
-0.0708192944
-0.072245324
-0.0713199958
-0.0711962768
-0.0715054014
-0.0719244144
-0.0718474498
-0.0719062012
-0.0717771526
-0.0723181096
-0.0713681708
-0.0730392276
-0.0731728514
-0.0719477486
-0.0720688962
-0.0726038344
-0.0713508946
-0.0729655078
-0.0718939182
-0.0707928878
-0.0707177478
-0.0715321318
-0.071476657
-0.0708443764
-0.0714946742
-0.069932337
-0.072526141
-0.0718883362
-0.0709186304
-0.0716430272
-0.0720283552
-0.0720314976
-0.0701991126
-0.071611871
-0.0711976782
-0.0717858488
-0.0703374594
-0.070969848
-0.0706378204
-0.0719020716
-0.0717739632
-0.0713519194
-0.0703384784
-0.0718536154
-0.0724360226
-0.0703883848
-0.0744241352
-0.0730136364
-0.0723279306
-0.0713618412
-0.0728763012
-0.0711903586
-0.0701916374
-0.070228878
-0.072025362
-0.0707059014
-0.070840804
-0.0706101074
-0.069466933
-0.071739429
-0.0711119372
-0.0704405818
-0.071107845
-0.0725304132
-0.0721412832
-0.070406401
-0.0723076636
-0.0722182878
-0.0712402914
-0.071971185
-0.0714549512
-0.0728232098
-0.0727098212
-0.0718364958
-0.0713801258
-0.0699380682
-0.0704118246
-0.0709771378
-0.071040135
-0.0717706568
-0.0712581264
-0.0710166374
-0.0703087724
-0.0725147014
-0.0714299932
-0.0717030018
-0.0714209364
-0.0726128766
-0.0715396888
-0.0699768102
-0.0717515172
-0.0715960178
-0.0724422782
-0.071216421
-0.071339929
-0.0721148164
-0.0719325464
-0.0718909404
-0.0712074292
-0.070848867
-0.071198355
-0.071468648
-0.0692955182
-0.0726765914
-0.0715150862
-0.0725427292
-0.072090519
-0.0717371406
-0.0717226858
-0.0715119318
-0.0724960352
-0.070136817
-0.0714024812
-0.070493484
-0.0711317394
-0.0716356306
-0.0702071164
-0.0706182846
-0.0694135536
-0.0715749286
-0.072792224
-0.0716202624
-0.0700654104
-0.0731950216
-0.071780864
-0.0725232268
-0.07118612
-0.0733045814
-0.0720286804
-0.072610299
-0.073415482
-0.0722708602
-0.0735045712
-0.0718265782
-0.0727155206
-0.0725959962
-0.0729495866
-0.0719569196
-0.071805408
-0.0728059666
-0.0714255758
-0.0725773452
-0.0720250024
-0.0704639606
-0.0702624252
-0.0714840382
-0.0713679098
-0.0724994082
-0.0729725912
-0.0733943744
-0.0712583362
-0.0723192322
-0.072239464
-0.0725374416
-0.0719501302
-0.071934082
-0.0722784034
-0.0725477796
-0.0733878856
-0.0731277572
-0.072702481
-0.0742927746
-0.0715891792
-0.0730217836
-0.0731986044
-0.0729171696
-0.073348264
-0.0718505176
-0.0717681208
-0.0712306656
-0.0711428496
-0.071601813
-0.0713592774
-0.072017781
-0.0709390904
-0.0709421206
-0.0719877824
-0.070667114
-0.0723528948
-0.0724412824
-0.0720040082
-0.0710076094
-0.071224101
-0.073218921
-0.070543383
-0.0701988284
-0.0707225138
-0.0719941968
-0.0700633494
-0.0718291288
-0.072017463
-0.0731382506
-0.0721228996
-0.0725114456
-0.0725011914
-0.0735540576
-0.0727998188
-0.071917477
-0.071963392
-0.0708932158
-0.0720767894
-0.07357883
-0.0724470806
-0.0719129552
-0.071790256
-0.073701639
-0.0733029492
-0.073865253
-0.0724548258
-0.071085936
-0.072762452
-0.0718120626
-0.071713814
-0.0718686814
-0.071541481
-0.0721543988
-0.071604474
-0.0730819652
-0.071948359
-0.0718709698
-0.0725627354
-0.0726405634
-0.0713311936
-0.0712591928
-0.0699724118
-0.0708620098
-0.0722782108
-0.0719967468
-0.0723710372
-0.0722574462
-0.072575272
-0.0719126518
-0.0725093146
-0.0722543252
-0.0724256646
-0.0711502986
-0.0719577848
-0.0711467126
-0.0707884218
-0.0717975766
-0.0713426086
-0.0715041724
-0.0714622884
-0.0709437764
-0.0720216958
-0.0710859342
-0.0705669432
-0.0720207536
-0.0709050912
-0.0715616172
-0.0716363058
-0.070787697
-0.0711994318
-0.0698348044
-0.0713638386
-0.0705830744
-0.0716216122
-0.0694054674
-0.0697416786
-0.0717101618
-0.0707008348
-0.0715440496
-0.0704540036
-0.0722953314
-0.0719782904
-0.0709192204
-0.0702094762
-0.0708589326
-0.0695433318
-0.0726036004
-0.0715243392
-0.0716221014
-0.0715689694
-0.069807911
-0.0714693086
-0.070593401
-0.0699945396
-0.0712324168
-0.0715972146
-0.0713597064
-0.072631187
-0.071798936
-0.0712845908
-0.0706190736
-0.071115689
-0.0709742876
-0.0694266594
-0.069804769
-0.0715503344
-0.0712697834
-0.0718744924
-0.0710269988
-0.0703298188
-0.0717654158
-0.0715810036
-0.0725772746
-0.0709949508
-0.0703946038
-0.0722217878
-0.072170188
-0.0713754344
-0.0721753368
-0.070686525
-0.0709154906
-0.0724016318
-0.0714448256
-0.0708396966
-0.0717901942
-0.0697106646
-0.0695740114
-0.0707416872
-0.0713116308
-0.0705695618
-0.0707081312
-0.0710635376
-0.0703338416
-0.0711917812
-0.0700987114
-0.070902683
-0.0705503428
-0.0709043024
-0.070568671
-0.0719637194
-0.0712311484
-0.0710445148
-0.072112707
-0.071898072
-0.0715661392
-0.0719758322
-0.071341925
-0.0708148122
-0.070708967
-0.0717196278
-0.070213235
-0.0705684876
-0.06992032
-0.069881136
-0.0697556832
-0.0688743792
-0.0716648424
-0.0711036106
-0.0711041904
-0.0710096462
-0.0705575016
-0.0708644018
-0.0703131066
-0.0705339542
-0.0695480952
-0.071598312
-0.071280611
-0.0694233024
-0.0693905694
-0.0711347194
-0.0701906766
-0.071306567
-0.0697094864
-0.0705154608
-0.0705829386
-0.070856155
-0.0722600122
-0.0719599802
-0.0709879552
-0.0724288826
-0.0714273354
-0.0710199324
-0.0715576458
-0.071229668
-0.0713609682
-0.0718133978
-0.0710723236
-0.072194279
-0.0711077542
-0.0706277346
-0.070636197
-0.0716855464
-0.0711085342
-0.0706246034
-0.07206561
-0.0693336474
-0.070312466
-0.071156526
-0.0712302542
-0.0716201212
-0.0713359884
-0.0722527092
-0.07103209
-0.070768598
-0.0712378726
-0.0707035016
-0.0700901066
-0.0715412646
-0.0705629682
-0.0715717766
-0.06986379
-0.0715698232
-0.0703648964
-0.070514652
-0.0709138942
-0.069968446
-0.0707361694
-0.071166568
-0.0720075528
-0.0712845424
-0.0701277624
-0.0732107486
-0.0720979272
-0.071854705
-0.0731915686
-0.072585105
-0.0715785498
-0.0726135388
-0.0726878528
-0.0723692752
-0.0736804032
-0.0728335474
-0.072535849
-0.0724243032
-0.073322401
-0.071357563
-0.0743675126
-0.0732648212
-0.072197828
-0.0731812714
-0.0734303082
-0.0721936382
-0.0729096918
-0.0710211
-0.0716950162
-0.0725337122
-0.072758907
-0.0730497992
-0.0722469468
-0.071985011
-0.0730700188
-0.0717478186
-0.0705780728
-0.0708020952
-0.0702404122
-0.0719930854
-0.0713604264
-0.0721898462
-0.0701382526
-0.070912844
-0.070773928
-0.0715167404
-0.07174768
-0.0713108876
-0.072247754
-0.0723092886
-0.0704464814
-0.0711780448
-0.0720790532
-0.0723017366
-0.0718746818
-0.0712669414
-0.0718615498
-0.0718615498