-0.0616279972
-0.0593897814
-0.0589017124
-0.0600055142
-0.0607243958
-0.059513723
-0.060832246
-0.059976618
-0.060607802
-0.0624854864
-0.0595203338
-0.0603252938
-0.0616358586
-0.061536432
-0.0593483222
-0.0624798062
-0.0593114676
-0.0608496552
-0.0617042076
-0.0598762124
-0.0625672804
-0.0608433646
-0.0597959594
-0.0603367808
-0.0608696626
-0.0603443224
-0.0604422562
-0.0607373272
-0.060736765
-0.060406991
-0.0605415078
-0.0626337682
-0.0592044514
-0.0601603584
-0.0603178492
-0.0607236106
-0.060559092
-0.0605055354
-0.0622540632
-0.059667365
-0.0612140058
-0.0609319146
-0.0598255928
-0.0597745078
-0.0595130344
-0.060405033
-0.0617576674
-0.0600541274
-0.0609030666
-0.0620587388
-0.0606814926
-0.0605673704
-0.060898637
-0.0599279078
-0.0623344612
-0.0598979842
-0.0594825486
-0.0604005254
-0.0603494404
-0.0613443648
-0.060812704
-0.059766598
-0.0607203534
-0.0606785744
-0.0609541516
-0.060219867
-0.060784273
-0.0626011012
-0.06086533
-0.0609861598
-0.0612526546
-0.0619548826
-0.0621472888
-0.0613221276
-0.060883331
-0.0606681928
-0.0595657868
-0.0617753484
-0.0605650924
-0.0594626864
-0.0607026726
-0.059459943
-0.0609856944
-0.0617365358
-0.0615035418
-0.0619587986
-0.0614480756
-0.0615471822
-0.0605442028
-0.0618310378
-0.0606714014
-0.0612426602
-0.0607881404
-0.0601869284
-0.058987374
-0.0613147314
-0.0596525538
-0.0601146634
-0.0595904956
-0.0601857558
-0.0604631942
-0.0607360764
-0.0610237512
-0.0596871788
-0.0603139818
-0.0599627076
-0.0625491826
-0.0602422492
-0.0617457152
-0.0598970052
-0.0601776226
-0.0593171964
-0.0622321462
-0.0611696098
-0.0607912038
-0.0621191778
-0.0607011798
-0.0605938434
-0.0607852518
-0.0603787052
-0.0612519176
-0.0624920488
-0.0609627984
-0.0607880436
-0.0602424242
-0.0617223538
-0.0602521952
-0.0616506026
-0.0606043514
-0.0610863716
-0.0611664496
-0.061215625
-0.0607399924
-0.0613966222
-0.0613087796
-0.0617050414
-0.0608146618
-0.0619832356
-0.0606366016
-0.0612857868
-0.0630204042
-0.0612570842
-0.0619374436
-0.0600474386
-0.06104023
-0.0621093584
-0.0594107194
-0.062387679
-0.0628210858
-0.0613839626
-0.0608136828
-0.061965923
-0.0622016308
-0.0617807866
-0.0628178288
-0.0604283944
-0.060546946
-0.0626377138
-0.0607067634
-0.0602203806
-0.062403886
-0.060601288
-0.062082837
-0.0601987354
-0.0599027338
-0.0626862006
-0.0612224778
-0.0597744594
-0.0614012268
-0.061204138
-0.0604457552
-0.0609806246
-0.0606171078
-0.0617644532
-0.0620138478
-0.061408623
-0.0622864882
-0.061480549
-0.0610338424
-0.0605249808
-0.061466542
-0.0609040754
-0.062167151
-0.0615638358
-0.0620351058
-0.0626477268
-0.0629799242
-0.0603721912
-0.060391268
-0.0622019508
-0.0621797138
-0.060964146
-0.0605932814
-0.0597525908
-0.0600097986
-0.0623399962
-0.0617139302
-0.0612581114
-0.0594542144
-0.0617907512
-0.0600081608
-0.058406761
-0.0603449328
-0.0588396838
-0.0593547878
-0.0591733738
-0.061159005
-0.0594183872
-0.0606472548
-0.0598273086
-0.0591874776
-0.0597035606
-0.0591955328
-0.0606704708
-0.0605670502
-0.0603310038
-0.061848447
-0.0617826478
-0.0603714058
-0.0599846246
-0.061423367
-0.0609788118
-0.0600783224
-0.0610888432
-0.0608114532
-0.0602598334
-0.0612510838
-0.061880872
-0.0608346208
-0.061543683
-0.059836488
-0.0605670502
-0.0624035956
-0.0610892118
-0.0615439252
-0.0601919012
-0.0606150046
-0.0601140232
-0.059085773
-0.0604234698
-0.0609806246
-0.0609892716
-0.0622380014
-0.0609344642
-0.0603079814
-0.060180027
-0.0612269372
-0.0608421138
-0.0611784504
-0.0623117588
-0.060646421
-0.0606161772
-0.0611159268
-0.062870038
-0.0605428552
-0.0617156462
-0.0613678228
-0.0616721028
-0.0608448088
-0.0617372432
-0.0618014826
-0.0624650136
-0.0607681814
-0.0630096058
-0.0613505586
-0.0636788468
-0.0618677472
-0.0626545126
-0.0607448686
-0.0616371576
-0.0615187512
-0.06185342
-0.0616911312
-0.0626946726
-0.0609163664
-0.0614769236
-0.0611553312
-0.0617948904
-0.060423693
-0.061601204
-0.0605971972
-0.0593996008
-0.0602596882
-0.0604488186
-0.0609406582
-0.0603414338
-0.060049523
-0.0604679922
-0.0623001266
-0.06140145
-0.0626667068
-0.0606482822
-0.0608155924
-0.0608295026
-0.0611938532
-0.0608979484
-0.060113878
-0.0612237286
-0.0615934206
-0.0617212298
-0.0609678198
-0.0618246206
-0.0604898608
-0.0607755776
-0.0604606444
-0.06016854
-0.0597675768
-0.0614205752
-0.0612751336
-0.060525446
-0.0607231936
-0.0595135778
-0.061805767
-0.0617420412
-0.0616609358
-0.0619393532
-0.0609244512
-0.0600934054
-0.0611775198
-0.0608352314
-0.0609861598
-0.0603488784
-0.0611376502
-0.0604677018
-0.0613018002
-0.058463943
-0.0606208302
-0.0604265816
-0.0613489692
-0.061173991
-0.060417179
-0.0588808228
-0.0593464612
-0.059418726
-0.059332871
-0.0605710442
-0.0610538498
-0.0592674104
-0.0607001524
-0.0596097176
-0.0589959724
-0.0600846132
-0.0610990796
-0.0607961472
-0.0609304218
-0.0592913338
-0.0598795178
-0.0607422704
-0.0595848638
-0.0604964232
-0.0604769592
-0.061062884
-0.0606473516
-0.061796558
-0.0611659844
-0.0590365008
-0.0615857042
-0.060403734
-0.0608429476
-0.062093907
-0.0610539466
-0.0629255822
-0.0603160366
-0.0612429802
-0.0608866848
-0.0614424438
-0.0622576402
-0.0620247726
-0.0601118232
-0.0597036574
-0.060342141
-0.059568307
-0.0603777746
-0.0611027536
-0.06195843
-0.0614759446
-0.0606409344
-0.0590291046
-0.0606682896
-0.0620161742
-0.0608153988
-0.0611177396
-0.0603600454
-0.0600696756
-0.0627117914
-0.0612808138
-0.0596806648
-0.0616949502
-0.0613741916
-0.0617255626
-0.0607978146
-0.0607049022
-0.0611239632
-0.0608248498
-0.0605798848
-0.0617450562
-0.0609385066
-0.0613085376
-0.0601831576
-0.0604724032
-0.061612449
-0.0602051526
-0.0598651422
-0.0599767148
-0.0614984236
-0.0615484328
-0.0599618254
-0.0602181026
-0.0607496666
-0.0601817618
-0.0595438216
-0.0618898578
-0.0599120396
-0.0598092592
-0.0599924378
-0.0589477276
-0.0617377084
-0.0596530192
-0.059378246
-0.058975228
-0.060986063
-0.0602063252
-0.0609776394
-0.0622893766
-0.0609697778
-0.0619743466
-0.0623012806
-0.0604749716
-0.0613789896
-0.0636748528
-0.0616851308
-0.0597197006
-0.0627298894
-0.0609820206
-0.0602112982
-0.0608021474
-0.0614390416
-0.0592983912
-0.061144019
-0.0601258788
-0.0608570032
-0.06254262
-0.0611952008
-0.061590774
-0.0624150046
-0.060641623
-0.0613635384
-0.0607197914
-0.0613017518
-0.0625305226
-0.0618120094
-0.0614503054
-0.0609892232
-0.0608069268
-0.0617900924
-0.0603994496
-0.0622245564
-0.0610306822
-0.061083725
-0.0596777278
-0.0601925118
-0.0608192664
-0.0607676194
-0.0603036486
-0.0599540124
-0.059962194
-0.0599630762
-0.059216132
-0.0604994866
-0.061647074
-0.0620237938
-0.05995568
-0.0620110076
-0.0603794906
-0.0613551148
-0.060584586
-0.0607473402
-0.0611919922
-0.0609153874
-0.0617129998
-0.0601135392
-0.060045209
-0.0599602844
-0.0614017404
-0.0605720232
-0.0601131708
-0.0613322672
-0.0611549142
-0.0606264136
-0.0604196022
-0.0602527088
-0.061238104
-0.0599683396
-0.060985646
-0.0611301572
-0.0618938518
-0.0602852306
-0.0605617386
-0.0611290814
-0.0601968258
-0.0596262744
-0.0610818156
-0.0616381366
-0.0609527558
-0.0602387986
-0.0594649644
-0.0611292266
-0.059868254
-0.0617198822
-0.0600523148
-0.0604567286
-0.061719979
-0.0606453452
-0.0609056648
-0.0625049318
-0.061167235
-0.0614002962
-0.0602150688
-0.0608306082
-0.061837135
-0.0610655304
-0.0612910986
-0.0600221194
-0.0612473614
-0.0618007456
-0.0598725384
-0.0595656416
-0.0601740752
-0.0601315106
-0.0609861114
-0.0594812496
-0.0627752644
-0.0600259384
-0.0614154086
-0.0617677586
-0.0600734464
-0.059876164
-0.0603120426
-0.0590718144
-0.058919907
-0.0590821476
-0.0587258818
-0.0593943858
-0.0584634778
-0.0600097502
-0.0612739312
-0.0594919512
-0.0587552918
-0.0607792032
-0.0605122914
-0.0602414936
-0.0612177282
-0.061658144
-0.06150898
-0.0602652716
-0.0612216254
-0.0597356172
-0.0600645574
-0.0614848818
-0.0599872712
-0.0594292824
-0.0599193874
-0.059526431
-0.059694158
-0.0590675784
-0.0602777376
-0.0590245298
-0.0597271936
-0.059288542
-0.0596686156
-0.0599340534
-0.061209111
-0.0596539012
-0.0582161862
-0.0601272262
-0.0605809606
-0.0603211062
-0.0601055996
-0.059502973
-0.0598911984
-0.0600983782
-0.0615479674
-0.0607051442
-0.0605743014
-0.0582852238
-0.0593586554
-0.0581323078
-0.0592207068
-0.0580891626
-0.0604441174
-0.0600143062
-0.0607305414
-0.0607857172
-0.0597430134
-0.06034883
-0.062002022
-0.0609196234
-0.0612961684
-0.0602218062
-0.0615618778
-0.0605948708
-0.060231674
-0.0604436036
-0.0610968016
-0.0582881608
-0.061454318
-0.0608141966
-0.0595341956
-0.0627824186
-0.0593123014
-0.0612705774
-0.060660845
-0.0602718824
-0.0597497508
-0.0599070182
-0.0597560898
-0.0608187526
-0.0602655918
-0.0614513326
-0.0623108768
-0.0606708878
-0.0610243618
-0.0610465988
-0.0615302866
-0.0608338354
-0.062272723
-0.0619995988
-0.0620005776
-0.0593370102
-0.0602745774
-0.0605991068
-0.0587125336
-0.0596645248
-0.0600849334
-0.0589676866
-0.0611398798
-0.0595375494
-0.0614155054
-0.0600421752
-0.0608458362
-0.061170172
-0.0616627486
-0.0615170836
-0.0614044354
-0.0615712804
-0.0621955336
-0.0600086744
-0.0621541228
-0.060555913
-0.0613278564
-0.0610321748
-0.0606161772
-0.0600100702
-0.0613708862
-0.0606908468
-0.0610422176
-0.0623111484
-0.0623719076
-0.06166777
-0.0608718924
-0.0609169286
-0.0611506782
-0.0600168264
-0.0615756912
-0.0615051126
-0.0620436262
-0.0604466374
-0.0602439652
-0.0618427184
-0.0619332076
-0.0599269772
-0.060457659
-0.060898879
-0.063103352
-0.061508243
-0.0611081918
-0.0623514834
-0.0620983366
-0.0621600264
-0.0606422818
-0.0604070394
-0.0623167802
-0.0615501972
-0.0607818684
-0.061307849
-0.0604264848
-0.06231933
-0.0613998308
-0.0600351474
-0.0603227738
-0.060729194
-0.0597983344
-0.0591269902
-0.0598679824
-0.0614341654
-0.0601936656
-0.0600611552
-0.0608301132
-0.061129353
-0.0614216994
-0.0615916562
-0.0591223372
-0.0620396136
-0.060438437
-0.0604128166
-0.0611425264
-0.0616043642
-0.0617385906
-0.0612779736
-0.0608494132
-0.061951674
-0.0613338568
-0.0620747038
-0.061014077
-0.0612830434
-0.0604001086
-0.0608405244
-0.0608890596
-0.0598590936
-0.0606737278
-0.0614145748
-0.0601880338
-0.0605540706
-0.0592173046
-0.0595940242
-0.0600882872
-0.0607440348
-0.0600411478
-0.0607583136
-0.0604186716
-0.0615518834
-0.0612769948
-0.0613048636
-0.060714208
-0.0619226028
-0.060278765
-0.061525362
-0.0609232974
-0.060986625
-0.0604751464
-0.059866393
-0.061583698
-0.0613120366
-0.0620430158
-0.0593032376
-0.0609037552
-0.0609772224
-0.0622651816
-0.0610722864
-0.0637021112
-0.0626445182
-0.0609318178
-0.0607611052
-0.0599351588
-0.0610750298
-0.060344836
-0.0615684886
-0.0599935618
-0.0607969808
-0.0598463372
-0.0590616264
-0.0589065106
-0.0608425308
-0.0622025128
-0.0606515392
-0.0621839982
-0.0604576106
-0.0602090202
-0.0610446892
-0.0607002976
-0.0603650666
-0.0627327778
-0.061498889
-0.0616154344
-0.0604284912
-0.0615470854
-0.0612259098
-0.0610703286
-0.0606582766
-0.0606715466
-0.0617795844
-0.0605407522
-0.061411463
-0.0615899886
-0.0617997666
-0.0617044012
-0.0605904412
-0.0618631426
-0.0611004754
-0.0619984932
-0.0611740394
-0.0606704708
-0.0610501276
-0.0628990608
-0.059510049
-0.0622475006
-0.0601537476
-0.0599616802
-0.0599939788
-0.0600663702
-0.060482833
-0.060885609
-0.0601984638
-0.0591856164
-0.0601319274
-0.0585377304
-0.0596012456
-0.0610757668
-0.0604293248
-0.0598611966
-0.0599528882
-0.0611120592
-0.0617224506
-0.0601483578
-0.0609889998
-0.0598589484
-0.0597095126
-0.060377581
-0.0596349212
-0.059752494
-0.0605083756
-0.061666616
-0.0603407936
-0.0613262184
-0.0599426518
-0.061582302
-0.0593600028
-0.058415553
-0.0593840042
-0.0598834634
-0.0598834634