-0.0727138004
-0.0724098296
-0.0707884292
-0.0731533558
-0.0728017734
-0.0731365294
-0.072127127
-0.0711589942
-0.0713164282
-0.073025752
-0.0727735492
-0.0743708712
-0.0732517402
-0.071856153
-0.0723100776
-0.0724119916
-0.071799777
-0.0724076976
-0.0729106928
-0.0734010642
-0.072856237
-0.072154527
-0.071000806
-0.072709675
-0.0727247702
-0.0734512164
-0.0730973916
-0.0734502606
-0.07462697
-0.0728227432
-0.0713333636
-0.0737159308
-0.0723686028
-0.0729318898
-0.0725821338
-0.0727014974
-0.0719922608
-0.0737365128
-0.0733044998
-0.0733157182
-0.0743890784
-0.0733054314
-0.072367766
-0.0749797736
-0.0722221338
-0.0736526536
-0.0724654626
-0.0730835526
-0.072555281
-0.0713201178
-0.0710815702
-0.0737846074
-0.0739131806
-0.073450893
-0.0735413478
-0.0722741582
-0.0731902634
-0.0732904568
-0.0727458978
-0.073013919
-0.0728584866
-0.0721805734
-0.073091418
-0.0730158412
-0.0728103134
-0.0727092508
-0.0732029374
-0.072955489
-0.0722976102
-0.0740471386
-0.0722671516
-0.072359144
-0.072972394
-0.0724347914
-0.0727328526
-0.0735169936
-0.0730192696
-0.0725976874
-0.071794132
-0.071215904
-0.0743180286
-0.0719309478
-0.0726545298
-0.0722882674
-0.0729498978
-0.0734882552
-0.0740212324
-0.0735479728
-0.0736105734
-0.0721442082
-0.0721154522
-0.072455919
-0.0738193752
-0.0731298358
-0.072516298
-0.073770778
-0.0720835652
-0.070927433
-0.072526588
-0.0722207638
-0.0730931024
-0.072737813
-0.071471715
-0.072250341
-0.0724392322
-0.0714272952
-0.0737459744
-0.0718236688
-0.0733081574
-0.0735096978
-0.071996494
-0.072265391
-0.0745484924
-0.0750029436
-0.072996743
-0.0720214738
-0.0740262922
-0.0730824218
-0.0729361176
-0.0737187462
-0.0727270658
-0.0721172594
-0.074009911
-0.0729164008
-0.0737431092
-0.0747992146
-0.0716295314
-0.0720410862
-0.0724500302
-0.0724902232
-0.0743796608
-0.0740645704
-0.0718385634
-0.07237347
-0.0718666734
-0.0734167534
-0.0732715018
-0.0729304486
-0.0734033084
-0.0709683578
-0.0715743482
-0.072427454
-0.072495368
-0.0719249352
-0.0728921048
-0.0728975332
-0.0715672002
-0.0731160254
-0.0733841252
-0.0731680902
-0.0737838992
-0.0728596352
-0.0720762536
-0.0740924164
-0.0719492682
-0.073881087
-0.0724734966
-0.0734553612
-0.072447971
-0.072869749
-0.0736018172
-0.0730342246
-0.0739001104
-0.071904511
-0.0737121992
-0.0751392974
-0.073550742
-0.0731559514
-0.0724114192
-0.0731486652
-0.0735118032
-0.0728080948
-0.072993233
-0.0722268862
-0.0737699812
-0.0727718598
-0.0727784382
-0.0728705524
-0.071916712
-0.072870312
-0.0729261112
-0.072725892
-0.0729181234
-0.073078901
-0.071863196
-0.0729356748
-0.073146434
-0.0721298838
-0.073714736
-0.0727098204
-0.0737167668
-0.073459237
-0.072540715
-0.0739999088
-0.0722512832
-0.071879285
-0.0731295344
-0.0726834266
-0.0727506674
-0.0731994086
-0.0734817248
-0.0725229334
-0.0735671316
-0.0745909388
-0.0733627828
-0.0738390432
-0.0746347294
-0.0749154742
-0.0733495494
-0.0731255348
-0.0737391042
-0.0737257452
-0.0741268372
-0.0740929864
-0.0747657282
-0.0739603142
-0.0736982768
-0.073912669
-0.0734458632
-0.0743195014
-0.0749450418
-0.0737082774
-0.0754618944
-0.0746498872
-0.0724064736
-0.0735001206
-0.0743176196
-0.0748867904
-0.0735105884
-0.0746604528
-0.0753613846
-0.0745563408
-0.0740530244
-0.0738546074
-0.0746864302
-0.0722737316
-0.0744222268
-0.0749271322
-0.0719342258
-0.0739735104
-0.0745670584
-0.0735746788
-0.073564727
-0.073769682
-0.0740114116
-0.0728382032
-0.072865848
-0.0736392704
-0.0719211096
-0.0743674656
-0.0735123438
-0.074595475
-0.0740703392
-0.0713676666
-0.0726924496
-0.072069794
-0.0729717204
-0.072852499
-0.0728763316
-0.0731673014
-0.0729801282
-0.0732950668
-0.0723135066
-0.0726966896
-0.072268275
-0.0731749782
-0.072298623
-0.0731916984
-0.0732333974
-0.0737844918
-0.0736061876
-0.0735386306
-0.07442336
-0.0726307136
-0.07372642
-0.0736978248
-0.0739731094
-0.0731218948
-0.0721662852
-0.074081999
-0.0741134076
-0.0730154306
-0.0722425226
-0.0709505414
-0.0723975254
-0.0723923124
-0.073721649
-0.0714122346
-0.0738097684
-0.07314405
-0.072024175
-0.0722188822
-0.0723356236
-0.0725510508
-0.0744735514
-0.0716270676
-0.0722130128
-0.0726437338
-0.0721411882
-0.0710566692
-0.0736501376
-0.0730041346
-0.073054209
-0.0746930878
-0.0742351514
-0.0739334154
-0.0723425226
-0.073562687
-0.0734214544
-0.0730019738
-0.072652993
-0.0723296684
-0.0726195928
-0.0721163852
-0.0729392142
-0.0719690286
-0.0717094194
-0.0725489984
-0.0733222914
-0.0711831922
-0.0719023122
-0.073285061
-0.073377288
-0.0753230892
-0.0706257966
-0.0704916576
-0.0718323888
-0.071452144
-0.0715863482
-0.0736283476
-0.07274193
-0.072873538
-0.0723341228
-0.072278259
-0.0726255334
-0.0726538236
-0.0726490682
-0.0732962664
-0.0728454316
-0.0730536506
-0.0735491934
-0.0740967972
-0.073021512
-0.0728759296
-0.0725039094
-0.0739662128
-0.0734467058
-0.0731308986
-0.073496151
-0.0732852794
-0.0728612046
-0.0745484552
-0.073340122
-0.0726854004
-0.073028548
-0.0737761914
-0.0746040714
-0.0731009836
-0.0733866542
-0.073178878
-0.0736385338
-0.074184834
-0.0736024164
-0.0737382356
-0.0729064034
-0.0733624776
-0.0720508658
-0.0741537794
-0.0726230388
-0.072258295
-0.0726576812
-0.0728386122
-0.0714316566
-0.0734811354
-0.0742784272
-0.0740357476
-0.0736755428
-0.0734980726
-0.0725821578
-0.0715548222
-0.0714952026
-0.0723971118
-0.0723956116
-0.0728019764
-0.0732175842
-0.0743528342
-0.0727852644
-0.073299934
-0.073169267
-0.0724651784
-0.0723505326
-0.0724868352
-0.0721467668
-0.0727344522
-0.0724627568
-0.0721732224
-0.0722794208
-0.0729639498
-0.071923454
-0.0719711078
-0.0730842618
-0.0735851378
-0.0722656418
-0.0745175338
-0.0719241902
-0.0732194564
-0.0727180098
-0.073403706
-0.0734042312
-0.0740423672
-0.0733204802
-0.0727190966
-0.0736912702
-0.0717864924
-0.0741086148
-0.0739916622
-0.0742077858
-0.0744493866
-0.0731122884
-0.0733671276
-0.074084082
-0.073485349
-0.074048008
-0.073004846
-0.0737909382
-0.0734123336
-0.0722323684
-0.0730559584
-0.0713413516
-0.0739710406
-0.073945921
-0.0719825022
-0.0730201924
-0.072761904
-0.0722257412
-0.0717856468
-0.0727783824
-0.0726225804
-0.0738965222
-0.0752139072
-0.0748954528
-0.0728538074
-0.0736065056
-0.075091294
-0.0756567862
-0.0729743896
-0.0741711058
-0.0728187886
-0.0722110876
-0.072555148
-0.0733403938
-0.0729508648
-0.0721224258
-0.0741399374
-0.074063413
-0.072325146
-0.074003537
-0.0750995316
-0.073925219
-0.074205121
-0.0741112026
-0.0736428432
-0.0732842294
-0.0727861782
-0.0728827882
-0.0731242792
-0.0741168358
-0.0742378718
-0.073722387
-0.0731526788
-0.0737503342
-0.0741466988
-0.0752760592
-0.0743680532
-0.0734752872
-0.0742750044
-0.0739862716
-0.0740460928
-0.0737394024
-0.0742046336
-0.0732295928
-0.0739374114
-0.0749945084
-0.0747784344
-0.074623043
-0.0743214898
-0.074547948
-0.0738949292
-0.074847721
-0.0734916896
-0.0743478168
-0.0749289658
-0.0748287828
-0.0738832534
-0.0746411534
-0.072007334
-0.0756297624
-0.0737253768
-0.0746079152
-0.0738086872
-0.0745823194
-0.0748516236
-0.0730408468
-0.0735448412
-0.0732231508
-0.0740395488
-0.0731893884
-0.075063632
-0.0741268312
-0.0747508784
-0.0746142262
-0.074389388
-0.07333914
-0.0741172518
-0.0742427406
-0.0722355586
-0.0740765786
-0.0744387232
-0.075351272
-0.0744609184
-0.0742372054
-0.0741332258
-0.0741057704
-0.0738220622
-0.0753066274
-0.0747321914
-0.0744485666
-0.0740910424
-0.074665008
-0.0740830592
-0.0746686296
-0.0753208452
-0.0741819732
-0.0767590902
-0.0730870262
-0.0736870636
-0.0749769214
-0.0728774258
-0.0720179452
-0.0735769282
-0.0741020426
-0.0737344892
-0.0746977222
-0.0748500902
-0.0739904312
-0.073400913
-0.075068542
-0.073753657
-0.0772431226
-0.07535808
-0.0742669746
-0.0748319306
-0.0731843528
-0.0741022876
-0.0734137208
-0.0739685078
-0.0756150666
-0.0734671952
-0.0738171052
-0.0736087158
-0.07346885
-0.0724836102
-0.0740108782
-0.0745375666
-0.074299999
-0.0723319778
-0.0748893616
-0.0743547326
-0.0744539734
-0.0743707038
-0.0751285994
-0.0741490062
-0.0731878816
-0.07500894
-0.0738621274
-0.0735884944
-0.0729791264
-0.0753080406
-0.073821528
-0.0725740768
-0.0733975118
-0.0741368944
-0.0734003236
-0.0730715888
-0.0743473756
-0.0757977994
-0.074593101
-0.076246308
-0.0741906068
-0.0744891314
-0.0759387836
-0.0762903408
-0.0741038512
-0.0737485
-0.074316634
-0.0746092328
-0.0744825308
-0.0741940082
-0.0749487218
-0.073689014
-0.0733563752
-0.0732733298
-0.073824617
-0.0739389472
-0.0740429956
-0.0736656996
-0.0735117834
-0.0739330204
-0.0748492332
-0.0754100156
-0.0740822536
-0.0738065864
-0.0741660712
-0.0737113016
-0.074353507
-0.0748858472
-0.0735905976
-0.075089113
-0.0747739628
-0.0748489174
-0.0742546594
-0.0748427014
-0.0734928298
-0.0744533168
-0.0736118298
-0.0733100448
-0.0732545576
-0.0736946556
-0.0754658992
-0.0747177976
-0.0743780746
-0.0739886398
-0.0746925354
-0.073957878
-0.0754040704
-0.0738922842
-0.0751673314
-0.0725659358
-0.0742387646
-0.0756617898
-0.0745725178
-0.0743771294
-0.0741475968
-0.0736259218
-0.074363032
-0.074506181
-0.0748774262
-0.0740771366
-0.0750261154
-0.0739891894
-0.073867039
-0.0740614476
-0.0745974536
-0.0754316874
-0.0726770552
-0.0746594148
-0.072824358
-0.0754000786
-0.0735931442
-0.0731091292
-0.0744983584
-0.0740195836
-0.0733747962
-0.0738127058
-0.0739445452
-0.0748548588
-0.0743093586
-0.0735648208
-0.0731327932
-0.0746521098
-0.0747391572
-0.0742750332
-0.0746831052
-0.074322626
-0.0743240828
-0.0740488694
-0.0738763232
-0.073831456
-0.0745615722
-0.0758091488
-0.0759477226
-0.073739342
-0.074861576
-0.0757590212
-0.0749328706
-0.0748118074
-0.0750507036
-0.0759939974
-0.0740117564
-0.0744936122
-0.0747006248
-0.0741754832
-0.0729448244
-0.0751276788
-0.0756499864
-0.0746053156
-0.0739211838
-0.073431307
-0.0743604786
-0.0746002018
-0.07412763
-0.074073075
-0.0747893972
-0.0745840296
-0.0747007402
-0.074556216
-0.076019899
-0.0739728704
-0.0741504578
-0.0749547324
-0.0735182426
-0.0745757808
-0.0742876008
-0.0749377452
-0.0727471778
-0.0740255322
-0.0741038498
-0.072082573
-0.0731529926
-0.0731512262
-0.0718734378
-0.072382798
-0.0730621722
-0.0735863532
-0.0718104868
-0.0718449146
-0.072645686
-0.0726493078
-0.0729692276
-0.07333374
-0.0740966086
-0.0746351446
-0.0721446446
-0.0725963274
-0.0727548802
-0.0715838034
-0.0724717842
-0.0721296652
-0.0723471204
-0.0727961442
-0.0735762852
-0.0733166128
-0.0729482764
-0.0730466116
-0.0735869822
-0.0736966758
-0.0725996102
-0.0734157426
-0.0740407832
-0.0737602842
-0.0734895106
-0.0739502268
-0.0738788368
-0.0742612042
-0.0748126322
-0.0729726562
-0.072783677
-0.0714689728
-0.0714357306
-0.0737587314
-0.0750751946
-0.0734383536
-0.0741667196
-0.0738798926
-0.074168165
-0.0746074412
-0.0745111284
-0.0734598942
-0.073272295
-0.0731089566
-0.07448685
-0.0749962892
-0.0736579502
-0.0733379416
-0.0737933764
-0.0741876004
-0.0733506194
-0.0738313618
-0.0735154826
-0.0744886202
-0.0749337684
-0.0744682114
-0.0725214784
-0.0739770174
-0.0724529784
-0.0728745502
-0.0740705264
-0.0743722012
-0.0740927106
-0.0739827598
-0.0727385948
-0.0738706468
-0.0737489172
-0.0743554298
-0.0730032546
-0.073481616
-0.0749417688
-0.0746202704
-0.0746856974
-0.075238404
-0.075809676
-0.073098769
-0.0752040678
-0.0739059546
-0.0733080944
-0.072776038
-0.0733881666
-0.0737587388
-0.074484778
-0.072816903
-0.0743064926
-0.072442357
-0.0731879134
-0.0750876676
-0.0730154604
-0.0751792274
-0.0740815776
-0.0737750104
-0.0741476822
-0.0747638652
-0.0737092718
-0.0737362344
-0.0728668264
-0.073641032
-0.0742997424
-0.072933447
-0.073004035
-0.0724045132
-0.0732096434
-0.0730035626
-0.0726389924
-0.0732321628
-0.0737767904
-0.0741968228
-0.0727513116
-0.0731355146
-0.0735424424
-0.0737074362
-0.0732354366
-0.0735975616
-0.0734004484
-0.0737353774
-0.0738906644
-0.0748260382
-0.0738643024
-0.0736479234
-0.072775252
-0.0734642014
-0.073711176
-0.0742400872
-0.07280989
-0.0728699626
-0.0732620374
-0.0739652996
-0.0720790786
-0.0731415192
-0.0741436372
-0.0728636546
-0.0740401268
-0.0731738394
-0.0724429168
-0.073120314
-0.0722588758
-0.0721883346
-0.0736077438
-0.0732071366
-0.0738586092
-0.0743102102
-0.0725701898
-0.0736788342
-0.0738042074
-0.074059166
-0.0729608632
-0.0730278254
-0.0739184546
-0.073994875
-0.0735301572
-0.0734796012
-0.0740392974
-0.0741856118
-0.0743344552
-0.074367958
-0.0736267678
-0.0728236464
-0.0735900138
-0.0727451224
-0.0729623894
-0.0740398858
-0.0741032352
-0.073876301
-0.0732405484
-0.073349557
-0.0732912444
-0.0728278176
-0.0724600416
-0.0750879194
-0.073393507
-0.0731693932
-0.073219713
-0.0712443066
-0.0737251212
-0.0740578732
-0.0730957652
-0.0729602276
-0.071525133
-0.0737687146
-0.0728445182
-0.0727852816
-0.0728079964
-0.0730375082
-0.0726626024
-0.0720081504
-0.0758112552
-0.0734863656
-0.0743508736
-0.0734764472
-0.0732222772
-0.0732262954
-0.0736160726
-0.0728471568
-0.0736262862
-0.0736767218
-0.0733679248
-0.0738882058
-0.0739589794
-0.072943122
-0.0721921954
-0.072816231
-0.0723225868
-0.071696459
-0.071299195
-0.0712269302
-0.0715669578
-0.0727974384
-0.0719329756
-0.0718016504
-0.0715984602
-0.0725754582
-0.072466249
-0.0739769374
-0.0726804922
-0.0746068402
-0.0727630194
-0.0727239062
-0.0727172258
-0.0731048336
-0.0731305792
-0.0718680054
-0.0733108352
-0.07366147
-0.0708148716
-0.0714815556
-0.0718594166
-0.0727006602
-0.0713531364
-0.0729866336
-0.0738601168
-0.073650124
-0.0735228446
-0.0734346336
-0.073169237
-0.0738255088
-0.0734364216
-0.0733479904
-0.072701043
-0.0739697498
-0.0728131558
-0.0745718296
-0.0735591164
-0.0748904358
-0.0723965276
-0.0751260776
-0.071525797
-0.072512438
-0.073287714
-0.0720574154
-0.0726700278
-0.0731490374
-0.0732708582
-0.0743156902
-0.0734323246
-0.0725301008
-0.0730026236
-0.0717280434
-0.0726647192
-0.0730472668
-0.0703842566
-0.0737656986
-0.0723362236
-0.073247219
-0.072420061
-0.072861468
-0.0718420522
-0.0723175292
-0.0736330306
-0.0717874228
-0.0727217582
-0.0720056758
-0.0722634854
-0.0729413006
-0.07333308
-0.0750891074
-0.0733699106
-0.0726938416
-0.0738978704
-0.0734047004
-0.0726195912
-0.0716284588
-0.0716954672
-0.073050705
-0.0731688092
-0.073791413
-0.074450137
-0.073079206
-0.0731717168
-0.073702383
-0.0753414658
-0.0724787098
-0.0732607974
-0.0726886058
-0.0736020556
-0.0749515756
-0.073970734
-0.0727096084
-0.0723699034
-0.0738308126
-0.0720227706
-0.0729886572
-0.0730251378
-0.0739625112
-0.0731409064
-0.0734395284
-0.0738270328
-0.0727970852
-0.0735248454
-0.0722903086
-0.0728398544
-0.072121337
-0.0727665494
-0.0717494576
-0.0721129232
-0.0730238636
-0.0725233776
-0.072147956
-0.0712509036
-0.0742714086
-0.0735002476
-0.073140176
-0.0729241726
-0.0738200882
-0.0726405574
-0.0729209672
-0.0723319648
-0.0724334662
-0.0738968622
-0.0718340266
-0.0716203878
-0.0724564594
-0.0714143076
-0.0727798778
-0.0731707838
-0.0731906206
-0.0710569276
-0.07282908
-0.0725885148
-0.0739342576
-0.072633566
-0.0716254208
-0.0712016472
-0.0716098474
-0.072580126
-0.0727969402
-0.0714692138
-0.0727808558
-0.0724337008
-0.0723676488
-0.0745801702
-0.0749424204
-0.0728616596
-0.0746307458
-0.0743683082
-0.0730591398
-0.0737599998
-0.073497516
-0.0734761504
-0.073113993
-0.0744742542
-0.0734171806
-0.0737965606
-0.0735036358
-0.0728953716
-0.0737537404
-0.073069396
-0.0738098494
-0.0747646686
-0.0737634218
-0.0735966292
-0.0717985518
-0.0731116958
-0.0727868258
-0.0737982124
-0.0729295238
-0.0729304582
-0.0719478206
-0.073842336
-0.0741889416
-0.073025347
-0.0741038472
-0.0729749752
-0.0719761204
-0.074096595
-0.0733523978
-0.0734873012
-0.073453315
-0.0724816566
-0.0721453192
-0.073337261
-0.0723262556
-0.072396175
-0.0726864246
-0.0733826588
-0.072002949
-0.0730939748
-0.0729302762
-0.071890679
-0.0725620414
-0.0722016864
-0.0730769068
-0.0740304946
-0.073531504
-0.0724808096
-0.0725889732
-0.071942783
-0.072011168
-0.072215044
-0.0717111158
-0.0716645706
-0.0731108262
-0.0725796728
-0.0717904752
-0.0724273798
-0.0731430128
-0.0725816174
-0.0719563952
-0.0719228602
-0.071687689
-0.0725522428
-0.0707412164
-0.0722594194
-0.072293627
-0.0722360778
-0.0719214368
-0.0719171436
-0.0738108996
-0.0705527652
-0.0731225824
-0.073308086
-0.0730026624
-0.073536083
-0.0731567074
-0.0724699806
-0.0726493986
-0.0738540028
-0.0732851986
-0.072445876
-0.0721910034
-0.0731486148
-0.073124131
-0.0730364382
-0.0732238832
-0.073292806
-0.072360118
-0.071559542
-0.0725257622
-0.0721951928
-0.072168981
-0.0716287024
-0.0714143182
-0.0706849096
-0.0709345958
-0.0736587068
-0.072367229
-0.0715677658
-0.0715420528
-0.0711139768
-0.072217957
-0.0731201726
-0.0721063476
-0.0731433146
-0.0713802118
-0.0727824276
-0.0723211334
-0.072195426
-0.0714248258
-0.0726782008
-0.0727683484
-0.0724351328
-0.0725595468
-0.0730582236
-0.0736150114
-0.0729048268
-0.0721565058
-0.0721200002
-0.0718391556
-0.0730244644
-0.072549943
-0.071965769
-0.0724442778
-0.0719061768
-0.072257022
-0.0710651508
-0.0710651508