-0.069852836
-0.069840882
-0.069654071
-0.0702524654
-0.069789995
-0.069447801
-0.0695587442
-0.0704929814
-0.0704879782
-0.0691582542
-0.0693074934
-0.0703518324
-0.0699936968
-0.0698923984
-0.0694327228
-0.0704781808
-0.0696592052
-0.0700039694
-0.071056896
-0.0706239344
-0.0706242816
-0.0706822838
-0.0715037132
-0.0698895808
-0.0718381544
-0.0692923778
-0.0701109994
-0.070632651
-0.0699487956
-0.0700676942
-0.0694951116
-0.0700361196
-0.0705374958
-0.0712796294
-0.0700039704
-0.0700736266
-0.0686560136
-0.0704717204
-0.0710365206
-0.0702216746
-0.069559556
-0.06977763
-0.0692361006
-0.0700329738
-0.0703233758
-0.069337802
-0.0711470256
-0.0694697154
-0.0688435894
-0.0701746388
-0.0700853596
-0.0696701728
-0.070503144
-0.069392048
-0.0702150248
-0.0707082822
-0.0704540832
-0.069772633
-0.0703622254
-0.0713388712
-0.0697056176
-0.0705094444
-0.070792886
-0.0695417422
-0.0708023674
-0.0704895396
-0.0706831256
-0.0707454762
-0.0714755958
-0.0704303912
-0.0690788784
-0.0700998848
-0.0695528786
-0.070171472
-0.0699679438
-0.070536426
-0.069674408
-0.0700578454
-0.0693058538
-0.069304948
-0.0705087944
-0.0699019744
-0.0709754698
-0.0700481072
-0.0700762498
-0.0691878214
-0.069692077
-0.0694327394
-0.070240265
-0.0713044258
-0.0708982254
-0.070164806
-0.0704469328
-0.0708237936
-0.0699206988
-0.0707134634
-0.070689052
-0.0704579488
-0.0693275938
-0.0703315364
-0.0700658242
-0.0707237088
-0.070211891
-0.0700204096
-0.0692417656
-0.0696100678
-0.069166822
-0.069168599
-0.0700981468
-0.0717551958
-0.0702904244
-0.0692454248
-0.069289222
-0.06927476
-0.0699732784
-0.0708286542
-0.0715006544
-0.0713777156
-0.0715744494
-0.0712712482
-0.0707797438
-0.0691565984
-0.0702695566
-0.0704593916
-0.0699997164
-0.071073436
-0.0706755474
-0.0698765812
-0.071088491
-0.0702648014
-0.0707601432
-0.070316345
-0.0704603428
-0.0706194864
-0.0697902716
-0.070911935
-0.0706332796
-0.071064542
-0.0721551608
-0.0716104372
-0.0709219538
-0.0700409416
-0.0705131286
-0.0690799886
-0.070113989
-0.0711090938
-0.0712781664
-0.0713299
-0.0693328852
-0.069780498
-0.0694654424
-0.0702411888
-0.0706635546
-0.070384351
-0.0700010034
-0.0692432284
-0.0710579096
-0.0700985024
-0.0696283216
-0.0691334934
-0.0705089996
-0.0706186996
-0.0713334482
-0.0697252376
-0.0692983446
-0.0703603488
-0.0695126322
-0.068642618
-0.0690930154
-0.0706855814
-0.0707612518
-0.0720870882
-0.0703805026
-0.0686179928
-0.0690150226
-0.0695241484
-0.06957539
-0.0696167928
-0.0688857366
-0.0713128804
-0.0689457584
-0.0685112722
-0.069407485
-0.0678519366
-0.0710199354
-0.0709397862
-0.0698542198
-0.0703677704
-0.0711410456
-0.0711719484
-0.0706680706
-0.0712127728
-0.071521782
-0.0706397614
-0.071781981
-0.070234524
-0.070314557
-0.0702566142
-0.0702543296
-0.0733539806
-0.0699694296
-0.0716662704
-0.0697560908
-0.0704325704
-0.0711740566
-0.0703403088
-0.0706538998
-0.071399575
-0.0705276602
-0.070118697
-0.0696267766
-0.0703655244
-0.0727690984
-0.0716820146
-0.0702493976
-0.0697339646
-0.0714206132
-0.0696043378
-0.0704641984
-0.0716038968
-0.0718079788
-0.0701560808
-0.0718542208
-0.0710116238
-0.0707823202
-0.0728244662
-0.0725141748
-0.0720245668
-0.0720223238
-0.0703207994
-0.071868736
-0.0713251196
-0.070574697
-0.071586283
-0.0708815444
-0.0697117052
-0.0708942698
-0.0718606224
-0.0708251544
-0.0708763434
-0.0716719542
-0.071320739
-0.069585308
-0.0726935308
-0.0714119084
-0.070719305
-0.0720047176
-0.0716650358
-0.0712994712
-0.0691202934
-0.0704995692
-0.071440928
-0.0711066356
-0.0708216644
-0.0700498482
-0.0698788028
-0.070648663
-0.0710670722
-0.0701613104
-0.0706014162
-0.0725852518
-0.0711040478
-0.0711397864
-0.0707112664
-0.071266691
-0.0701263268
-0.0708651568
-0.071579336
-0.0697866356
-0.0710115484
-0.0713254838
-0.071188518
-0.0705703282
-0.0727331354
-0.0723468466
-0.0722047382
-0.0709648996
-0.073057119
-0.072451048
-0.0720624212
-0.0714956148
-0.0718647812
-0.072570362
-0.071714798
-0.0705327296
-0.0703669852
-0.0712171326
-0.0715061152
-0.0719316816
-0.0706433738
-0.0712435918
-0.0716883076
-0.0708555188
-0.0707543886
-0.069944239
-0.0700241378
-0.0693745134
-0.0695635898
-0.0712273806
-0.0702256698
-0.0713577044
-0.0705587906
-0.069856218
-0.071523709
-0.0709421976
-0.0696664424
-0.0699321878
-0.0708149752
-0.071135165
-0.0705632638
-0.0711666716
-0.0703306202
-0.0704052126
-0.0705850282
-0.0705689148
-0.070477925
-0.0690165152
-0.0708756554
-0.06980903
-0.0711112868
-0.0696843906
-0.0707569906
-0.0701586546
-0.0716646254
-0.071785538
-0.0724033038
-0.070523389
-0.0712391932
-0.0719274084
-0.0701072018
-0.0703497688
-0.071598723
-0.0723739042
-0.070946012
-0.0706663016
-0.0710114274
-0.0710828138
-0.0704251336
-0.0706233684
-0.0694910046
-0.0715491378
-0.071764284
-0.0714620038
-0.07036793
-0.071631152
-0.070380022
-0.0707274144
-0.0710433184
-0.0703131872
-0.0721440852
-0.0697987354
-0.0707321276
-0.0701442632
-0.0704879936
-0.0712487932
-0.0716812468
-0.0716860696
-0.0714617678
-0.0709314416
-0.0701686698
-0.0723513942
-0.0713647866
-0.0716339134
-0.072125856
-0.0716009554
-0.071759736
-0.0731144856
-0.0716121166
-0.0721007482
-0.0712226164
-0.0710778088
-0.0712630586
-0.0710202114
-0.0713509676
-0.0705822978
-0.0710163844
-0.0719010822
-0.0722358082
-0.072261963
-0.0714333262
-0.0709869546
-0.0716867982
-0.0716472684
-0.0709130116
-0.0709293252
-0.0722771304
-0.0709793294
-0.071770336
-0.0715391378
-0.0712904716
-0.071505283
-0.0709602984
-0.0718676272
-0.0713758112
-0.0704227114
-0.0715841322
-0.0693188014
-0.0718855674
-0.0694844558
-0.072488043
-0.0708840812
-0.072963288
-0.0710167998
-0.0720481562
-0.0720895846
-0.0708977728
-0.0720344376
-0.0713067238
-0.0711690474
-0.0720988368
-0.0735365944
-0.0717901558
-0.071449441
-0.0716435534
-0.0720740918
-0.0717535064
-0.0711497198
-0.0710679142
-0.071642185
-0.0716623012
-0.0703411638
-0.0704026786
-0.0710168892
-0.072746131
-0.0709194754
-0.0703922052
-0.071342328
-0.0718037098
-0.0708868344
-0.0701120002
-0.0711329258
-0.0701947982
-0.0702607296
-0.0716675672
-0.0715709778
-0.0705569718
-0.07164688
-0.0718106492
-0.069846602
-0.070453703
-0.0708718932
-0.0710275286
-0.0701864872
-0.0710495802
-0.0705197018
-0.070672443
-0.0715794676
-0.0724496868
-0.07159811
-0.071146956
-0.071636736
-0.0707737872
-0.0700175658
-0.0711809272
-0.071518111
-0.0696864384
-0.0705843746
-0.0687012088
-0.0716458684
-0.070946224
-0.0704743764
-0.0706968702
-0.0724297622
-0.0717749764
-0.0701967398
-0.0698600964
-0.0709355226
-0.0704330204
-0.0696803952
-0.0690602354
-0.0714030576
-0.0698739474
-0.0700938392
-0.0695772478
-0.0697567854
-0.069900846
-0.0710078666
-0.0700038492
-0.069852654
-0.0706729568
-0.0696631276
-0.069466841
-0.070720759
-0.0693274916
-0.070659565
-0.0699095266
-0.0694334812
-0.0707014204
-0.0709032592
-0.069765661
-0.0696772086
-0.068917673
-0.0690410842
-0.0696339078
-0.0689862022
-0.069451563
-0.0706277004
-0.0682712514
-0.0700843272
-0.0714499954
-0.070886133
-0.0710234284
-0.0693280462
-0.0702103728
-0.070642356
-0.0701570934
-0.0696658366
-0.070184687
-0.0713556752
-0.0709084438
-0.0696409146
-0.070669328
-0.069886294
-0.0698621788
-0.0706760078
-0.0708878344
-0.0701158082
-0.0696260888
-0.0696444674
-0.0700166022
-0.069646834
-0.0695820898
-0.0707030754
-0.0711297052
-0.0689367552
-0.0704041352
-0.0708190914
-0.0701890224
-0.0713894168
-0.0696281384
-0.0707852254
-0.0677236414
-0.0691997728
-0.0698203456
-0.069903861
-0.0700730698
-0.0698069904
-0.070683096
-0.0691002444
-0.0710994694
-0.070415631
-0.0694172222
-0.06856964
-0.0696411478
-0.0698372372
-0.0711290322
-0.0702013972
-0.0697686764
-0.0711851138
-0.0712810984
-0.0697563064
-0.0700679184
-0.0715347082
-0.071878341
-0.071769389
-0.0713644834
-0.0711626072
-0.0712423764
-0.0706251118
-0.0716710044
-0.0709615286
-0.0689390712
-0.0704687162
-0.0701246402
-0.0721691824
-0.0713519472
-0.0704882474
-0.0722190032
-0.0703454926
-0.0699144974
-0.0700094798
-0.0700506214
-0.0714040016
-0.0712250232
-0.071916177
-0.0701330642
-0.0699074748
-0.0714747284
-0.0690738122
-0.0705314342
-0.0706112418
-0.0710421478
-0.0695591802
-0.0706574858
-0.0699552836
-0.071099682
-0.0714883544
-0.0711425518
-0.0702470184
-0.0700017496
-0.0704981896
-0.0703985134
-0.0717372172
-0.0701361354
-0.0707935624
-0.07013678
-0.0699607524
-0.0698427928
-0.0697562548
-0.069945245
-0.0689896124
-0.0702430644
-0.0702063676
-0.0704677218
-0.071047148
-0.0705599714
-0.0705712004
-0.0695622384
-0.0708242884
-0.0726259994
-0.0719589886
-0.0709165676
-0.0700329964
-0.0709121004
-0.0718085422
-0.0711746678
-0.0702139556
-0.069954237
-0.0701427418
-0.0711354444
-0.0698550664
-0.0689944698
-0.0695659504
-0.0702740628
-0.0697889806
-0.0688589442
-0.070213795
-0.0697889692
-0.0709976714
-0.070266105
-0.069635146
-0.070429908
-0.069595186
-0.0708834604
-0.0707493692
-0.0710742984
-0.0696361316
-0.0706846038
-0.069858853
-0.070127166
-0.0701798286
-0.069650611
-0.071675168
-0.0700510724
-0.0713060972
-0.07100173
-0.0706652332
-0.0695654596
-0.0704914046
-0.0708195834
-0.0703321748
-0.071187298
-0.069889428
-0.0713023424
-0.0720182638
-0.0712954534
-0.070834828
-0.070521263
-0.071036649
-0.0698726526
-0.0702097526
-0.0699317678
-0.0709384844
-0.0701150564
-0.0705199956
-0.0709075124
-0.0723282372
-0.071902007
-0.0704031972
-0.0711646994
-0.0691142688
-0.0712648994
-0.0715138084
-0.0718999884
-0.071541204
-0.0710041334
-0.0710808664
-0.0706048268
-0.0711065456
-0.0700673496
-0.0713345856
-0.070243091
-0.0692763068
-0.0706409692
-0.0705836968
-0.0692588918
-0.0702318122
-0.0683718682
-0.0690729704
-0.0692721778
-0.0705700458
-0.0695132552
-0.0691281622
-0.069060399
-0.0695343516
-0.071165493
-0.0696364684
-0.0705523274
-0.070284604
-0.0687657448
-0.0709402738
-0.0705550558
-0.0704440014
-0.0685914428
-0.0700119186
-0.0703936792
-0.0699239864
-0.0705472622
-0.069793719
-0.0699992478
-0.0698454688
-0.071665349
-0.0704694834
-0.0694588524
-0.070191095
-0.0694463936
-0.0698586634
-0.0716650896
-0.0707261478
-0.0699262866
-0.0706998258
-0.071119599
-0.0697087214
-0.0708814526
-0.0707282086
-0.0711206514
-0.0709212444
-0.069873245
-0.0700639256
-0.0699943266
-0.0695159628
-0.071456175
-0.0708894466
-0.0715662952
-0.070580916
-0.0718770466
-0.0702544384
-0.0718958698
-0.0710722094
-0.0698585096
-0.0704279654
-0.0694943862
-0.0709768188
-0.0701124888
-0.0698719456
-0.0711329176
-0.0701947492
-0.0708399222
-0.0710563378
-0.0701035036
-0.069464894
-0.0708056132
-0.0716102898
-0.0704062134
-0.0695744816
-0.0709107528
-0.070755178
-0.0698577312
-0.0709159918
-0.0704608908
-0.0696299688
-0.0712742454
-0.0718726254
-0.070987486
-0.0708856564
-0.072471959
-0.0722108464
-0.0716095272
-0.0708972456
-0.071645688
-0.0697273014
-0.0709213418
-0.0707474568
-0.0714847738
-0.0715632898
-0.0708016856
-0.0693524036
-0.0712803582
-0.0713809872
-0.0723386314
-0.070862371
-0.0710199792
-0.0711388378
-0.0714502768
-0.0712085228
-0.0709330878
-0.0705970146
-0.071140569
-0.0714068018
-0.0711730804
-0.0700966224
-0.0709815236
-0.071939779
-0.0725275482
-0.0709237216
-0.0699112296
-0.0711527898
-0.0704348232
-0.0722169182
-0.0701628086
-0.071683352
-0.0717522426
-0.071359242
-0.0707594852
-0.0707057176
-0.0707284506
-0.0706735066
-0.0709132144
-0.0704026702
-0.0712285214
-0.0712766994
-0.0704748358
-0.0697061064
-0.0696659968
-0.069423854
-0.0703837714
-0.0712853144
-0.0707986922
-0.0710786828
-0.0713026798
-0.07247691
-0.0708361864
-0.0733647796
-0.0705963928
-0.0718207012
-0.0709764476
-0.0715940722
-0.0711767338
-0.0715664204
-0.0703728266
-0.0710085092
-0.0731296752
-0.0716048938
-0.0712282884
-0.070375322
-0.071213488
-0.0722269118
-0.0726500004
-0.0720428366
-0.0726606712
-0.0726755616
-0.0707437322
-0.072285917
-0.0731631156
-0.0720180184
-0.072399263
-0.072743601
-0.0726795862
-0.0727514772
-0.0724858516
-0.073178375
-0.073036751
-0.0727469248
-0.0723701974
-0.0734975948
-0.0737976758
-0.072216696
-0.0723619686
-0.072479191
-0.0724946758
-0.071626846
-0.0726372138
-0.0716112524
-0.0710930612
-0.071567824
-0.0715174726
-0.071384085
-0.0706375222
-0.0721432566
-0.0713120344
-0.071878352
-0.0704114918
-0.0699377836
-0.0713887134
-0.0707388714
-0.0714916378
-0.0712601606
-0.071563132
-0.0708253064
-0.0696808628
-0.0715542814
-0.0697971268
-0.0701439526
-0.0710932946
-0.0713078064
-0.0711454692
-0.0702267168
-0.0710464396
-0.0712457982
-0.0701573978
-0.071109676
-0.0714526092
-0.0721485614
-0.0726904942
-0.0709893758
-0.0712399106
-0.0715716022
-0.072507189
-0.070889899
-0.0720756684
-0.0695915544
-0.0708346328
-0.0694996124
-0.0711314296
-0.0708753168
-0.0710273626
-0.0714034324
-0.0705998624
-0.0694261144
-0.0720175128
-0.0702410454
-0.0707213146
-0.0703516612
-0.0709718258
-0.0690157106
-0.0701507186
-0.07032743
-0.069515454
-0.0705274016
-0.071844175
-0.0727694234
-0.070687711
-0.0718036988
-0.0713393346
-0.0703557022
-0.0697062142
-0.0692716576
-0.0700611326
-0.0699109816
-0.0705618758
-0.0702860878
-0.0703291882
-0.0706306552
-0.070039258
-0.069942542
-0.0710428112
-0.0711824806
-0.0712152326
-0.0704367248
-0.0710480464
-0.0708551822
-0.0704382214
-0.0704374298
-0.0705094306
-0.0717964906
-0.0713016446
-0.071380257
-0.0708472418
-0.0694667456
-0.0696878986
-0.0689590976
-0.0699325044
-0.0698295338
-0.070575019
-0.0700043606
-0.0709713012
-0.0711534198
-0.0717743616
-0.0699087834
-0.0690954738
-0.0714151584
-0.0706928638
-0.0722327446
-0.0704507874
-0.070651443
-0.0707223788
-0.0719095422
-0.0705696112
-0.0705241326
-0.0691495606
-0.0710837318
-0.0720141436
-0.0720618936
-0.0718923582
-0.0715523014
-0.0710506488
-0.0708018206
-0.0696516862
-0.070957897
-0.0694907124
-0.0707696204
-0.0722195168
-0.0705489316
-0.0702492926
-0.0708116834
-0.0703034508
-0.0719301134
-0.0705389092
-0.0718477044
-0.072650874
-0.0718883172
-0.0711224478
-0.0715362102
-0.0709940612
-0.070501963
-0.0715578808
-0.0705041324
-0.0714709168
-0.0707971138
-0.0711008962
-0.071424464
-0.0711998918
-0.071067018
-0.0708832368
-0.0707278424
-0.0706571398
-0.0703587418
-0.0716981598
-0.0712916902
-0.0722258534
-0.0704311968
-0.0704376042
-0.070873035
-0.0702499632
-0.0690471816
-0.069496296
-0.070712434
-0.0699539008
-0.0697915636
-0.0688008866
-0.0710968784
-0.0708229438
-0.0715339958
-0.0698960056
-0.0710825584
-0.0715836202
-0.0702378894
-0.071109266
-0.0715684264
-0.0702410668
-0.0707678704
-0.0705651328
-0.0708414222
-0.0690692138
-0.0691952018
-0.0704527152
-0.070525532
-0.0692885714
-0.0715387342
-0.070910173
-0.072121847
-0.0706712688
-0.0699960312
-0.070680003
-0.0715812956
-0.0711015082
-0.0717857412
-0.0704129062
-0.0690898592
-0.0701260004
-0.0706759282
-0.0696217794
-0.0703253282
-0.069694297
-0.0697197336
-0.0696888814
-0.0711006574
-0.0696885554
-0.0694024498
-0.0692963838
-0.0700419992
-0.071070703
-0.070109959
-0.0705057166
-0.0705383512
-0.069432378
-0.0706068008
-0.0705827936
-0.0693420112
-0.0717404142
-0.068804206
-0.068393836
-0.0695836588
-0.0702569428
-0.0700581516
-0.0696937932
-0.071317002
-0.0712262866
-0.0694359516
-0.0702254598
-0.0704799532
-0.0701376636
-0.0700192116
-0.07001493
-0.0698563716
-0.069443597
-0.0697735432
-0.0697513218
-0.0705779202
-0.0703800956
-0.0688882494
-0.0697566932
-0.0706716236
-0.0688031016
-0.0704706984
-0.069236089
-0.0712677048
-0.069077981
-0.0694266336
-0.0713158728
-0.0709286316
-0.071045879
-0.0710608412
-0.070855954
-0.0712559614
-0.0704619214
-0.0711820948
-0.0692854144
-0.0710478238
-0.0702026266
-0.0702423876
-0.0716290862
-0.0689745852
-0.0712071182
-0.0707517144
-0.0712496874
-0.070629813
-0.07138746
-0.0709034616
-0.0697277434
-0.0694391142
-0.0690123774
-0.0707344018
-0.0713656384
-0.0708170802
-0.0706675662
-0.0696612266
-0.0693494404
-0.0695404368
-0.0695791338
-0.0695897862
-0.070835835
-0.0701565874
-0.0706664318
-0.0702932488
-0.0700434888
-0.0697554556
-0.0682932778
-0.0693588904
-0.0700189402
-0.0696411322
-0.0694626058
-0.070144098
-0.0695720824
-0.0696905558
-0.071485806
-0.069499709
-0.0691664964
-0.070340614
-0.0711133418
-0.069834334
-0.0694380134
-0.0699056922
-0.0697293932
-0.0692241036
-0.0700068644
-0.0704900964
-0.0690796818
-0.0702229212
-0.0696069454
-0.0702202018
-0.0702202018