4.45713302
3.93472796
5.56229158
5.13850402
5.79700288
6.58010748
4.83763084
6.57416814
6.07694254
5.62279204
6.05252674
6.21147042
6.21523368
5.8007877
7.17183108
5.95765924
5.28330174
5.57465466
5.04825824
6.90005634
6.13322258
6.20403186
5.66487442
4.72367854
-0.0718305172
4.51015864
5.97053214
4.40762972
4.29489626
3.96577078
4.07949768
5.18333564
4.62727098
4.7075717
5.06495662
4.88245278
6.31165246
6.06467008
4.76782018
5.66729484
4.84707958
4.9445893
6.34876388
4.63981828
5.95550812
-0.0721243102
5.9107481
7.07511898
7.22900514
5.9171801
6.92484666
6.36894112
6.88616868
6.8144592
6.49013938
6.34685742
7.18606692
5.37710818
5.61148072
6.12817836
-0.0706453976
4.40520626
5.3287007
5.9332984
5.68024076
5.59875128
4.98891888
5.17548778
6.22010074
5.57958996
6.11926154
4.93010564
7.06459836
6.686689
6.21263708
5.43024054
6.70611856
5.4325361
6.55742044
6.31034762
5.8665611
4.10549246
4.89557334
5.4890594
4.44871798
3.94844548
4.5048309
5.9538372
5.21813606
5.0633367
5.1935474
5.42178664
6.29764442
6.74618044
4.70671046
5.77226062
5.77226062