-0.0693023714
-0.0705746802
-0.071360945
-0.0713177266
-0.070563113
-0.069187253
-0.0708012552
-0.0695347496
-0.0710700434
-0.0695432692
-0.069485104
-0.070308698
-0.0713617478
-0.0705579636
-0.0707425196
-0.0705283356
-0.0706915396
-0.0707896804
-0.0712770714
-0.0699506958
-0.071418567
-0.0713579946
-0.0707562318
-0.0710092676
-0.069655137
-0.0703721976
-0.0708635928
-0.0698438314
-0.0691680566
-0.0699510094
-0.0711425448
-0.068586378
-0.0709818364
-0.0697264652
-0.0722980134
-0.0707571122
-0.07013887
-0.069676982
-0.0709635574
-0.0708779332
-0.0700937768
-0.0714100204
-0.0709846424
-0.0717046732
-0.0695121134
-0.0711033022
-0.0708684872
-0.0710026002
-0.0709957784
-0.071067242
-0.070058879
-0.0705812542
-0.0702827508
-0.0684341126
-0.0693895002
-0.0700716886
-0.0710990834
-0.0709900158
-0.0706914278
-0.0696139864
-0.0697827978
-0.0722964378
-0.0700377538
-0.0695522598
-0.069991601
-0.071763839
-0.0699167868
-0.0693054286
-0.0695569038
-0.0691873142
-0.069480257
-0.0687906992
-0.0678651532
-0.0708076046
-0.0710777758
-0.0699660424
-0.0714830168
-0.0703110382
-0.0700249478
-0.069854214
-0.0713606766
-0.0719024768
-0.0699699336
-0.0709281644
-0.070455435
-0.070616762
-0.0701021822
-0.0708983204
-0.0708367372
-0.0711617746
-0.070646872
-0.0703649794
-0.0724190316
-0.0702604356
-0.0702022324
-0.0721788586
-0.0723716322
-0.0709975412
-0.0722927068
-0.0715990134
-0.0710000728
-0.0707287304
-0.0707993606
-0.0702644388
-0.0713446914
-0.0701045102
-0.070302995
-0.0705186342
-0.070656966
-0.0713209212
-0.070090819
-0.0710644874
-0.0697284514
-0.0711473418
-0.0698863744
-0.0701803232
-0.0707797172
-0.0699533324
-0.0718718418
-0.0707005858
-0.0712342644
-0.0704092428
-0.07032417
-0.0705824276
-0.0701958172
-0.0693171806
-0.0688577568
-0.0702283828
-0.0709144508
-0.07057141
-0.0707781622
-0.0709790764
-0.071803643
-0.0701749296
-0.0706401864
-0.0697480606
-0.0706080496
-0.0720450128
-0.0702286192
-0.0709695928
-0.070515116
-0.068120086
-0.0701253916
-0.0710367312
-0.0704298768
-0.0711780702
-0.071853771
-0.0704951074
-0.072006477
-0.0707339454
-0.0717862596
-0.0713959086
-0.0704646036
-0.0713506346
-0.0709514382
-0.0710950476
-0.0733660552
-0.07197656
-0.0719048484
-0.0718765454
-0.0714646202
-0.0726548464
-0.0719142716
-0.0717796714
-0.0713278046
-0.0722974316
-0.0726281762
-0.072530724
-0.0715019938
-0.071396814
-0.0717511794
-0.0729770336
-0.0711062566
-0.0713109846
-0.069572742
-0.072199877
-0.0705583
-0.0707913566
-0.0707623332
-0.0700419144
-0.0723597796
-0.0703952398
-0.0704990706
-0.0708086672
-0.0701828402
-0.0692877468
-0.0697012702
-0.0708084768
-0.0703941962
-0.0704415102
-0.0704309172
-0.0702964202
-0.0712849508
-0.0715876872
-0.07028112
-0.0687767552
-0.06982119
-0.0712645066
-0.0702991742
-0.070598787
-0.069845266
-0.0723574788
-0.0701818434
-0.070939553
-0.070581888
-0.070310443
-0.072029133
-0.0712013594
-0.072247373
-0.071246832
-0.071210007
-0.0714084546
-0.0717213004
-0.07258055
-0.0716292196
-0.0707009038
-0.071063004
-0.0708602236
-0.0701477532
-0.0716463246
-0.0719395832
-0.0708125106
-0.0716786652
-0.0695213188
-0.0714791122
-0.0703678036
-0.071153943
-0.0718188568
-0.071449401
-0.0709598386
-0.0693035724
-0.0700792476
-0.070607429
-0.0715117434
-0.0711965032
-0.0702806964
-0.0702925928
-0.0708402362
-0.071999652
-0.0712462088
-0.0699658942
-0.0705548476
-0.0709853516
-0.0694816278
-0.0704568166
-0.0710362354
-0.0708201246
-0.0716890028
-0.0703732868
-0.0706665638
-0.0714970744
-0.0714860796
-0.0713399546
-0.0712744376
-0.0713080748
-0.0708644658
-0.070647977
-0.070638442
-0.0702424588
-0.0715054972
-0.0699059636
-0.0706125352
-0.0707677578
-0.0696688256
-0.0695758228
-0.0709280754
-0.0704656602
-0.0698572438
-0.0699917724
-0.0702308106
-0.072016229
-0.070528341
-0.0692290112
-0.0708684994
-0.0704109886
-0.071359382
-0.0721357092
-0.0716067306
-0.0717001054
-0.0713278856
-0.0712370274
-0.0729243744
-0.071877632
-0.0708240258
-0.0720857902
-0.0705472872
-0.0734949432
-0.072470171
-0.069423267
-0.0719689082
-0.070554282
-0.070361491
-0.070383587
-0.07084897
-0.0699870604
-0.0716473936
-0.0712789816
-0.0702689338
-0.072926553
-0.0713549076
-0.069793299
-0.0723555134
-0.0714892208
-0.0725133592
-0.0720673876
-0.0710199688
-0.0719326122
-0.0708723504
-0.0723034372
-0.071433495
-0.0717834996
-0.0723533986
-0.0715939224
-0.0711399182
-0.0723064162
-0.0698376944
-0.071331435
-0.0723324958
-0.0707092746
-0.0712292232
-0.0719116942
-0.070053895
-0.0705168638
-0.0702156132
-0.0712320646
-0.0710150974
-0.07147895
-0.0709323262
-0.0704373126
-0.0698332314
-0.0692647944
-0.0697506044
-0.0705042572
-0.0710533734
-0.0690326182
-0.0714386332
-0.0709368554
-0.0719105022
-0.073018302
-0.0717262672
-0.0706871226
-0.0704056656
-0.072210955
-0.0709336328
-0.0708951426
-0.0727202716
-0.0719764952
-0.0722737768
-0.0718040232
-0.0726393202
-0.072415366
-0.0715575932
-0.070778789
-0.0706211246
-0.0711862708
-0.0715335558
-0.0706383766
-0.07115262
-0.072789022
-0.0711828688
-0.0715484346
-0.0712754256
-0.0708398892
-0.0718851834
-0.0715246206
-0.0713583284
-0.0722531202
-0.0714555558
-0.071475724
-0.0706492736
-0.0702992096
-0.0714088632
-0.0697786238
-0.0718263064
-0.0712782922
-0.071405756
-0.0714925848
-0.0711565166
-0.0726682858
-0.071312126
-0.0717389208
-0.0717127032
-0.0714089248
-0.0701774682
-0.071356576
-0.0727797182
-0.0713445196
-0.0722960958
-0.0716226524
-0.0717085764
-0.071729953
-0.0699084558
-0.069590304
-0.0701125098
-0.0698687284
-0.0715591074
-0.0697823174
-0.070445344
-0.0711706878
-0.0719266396
-0.0714445976
-0.0734077016
-0.0707768924
-0.0717757592
-0.0715584588
-0.0700514282
-0.0708276404
-0.0704039682
-0.0721805328
-0.0705224824
-0.0710347074
-0.0713553032
-0.0718492254
-0.0707147084
-0.0719458822
-0.0722368678
-0.0718841546
-0.0704544406
-0.0712162202
-0.0715591474
-0.072531439
-0.0720427786
-0.0723018348
-0.0723842748
-0.0709155436
-0.0717957052
-0.0737206874
-0.0707397148
-0.071573168
-0.0707087426
-0.0710683866
-0.0713914842
-0.0713201882
-0.072511899
-0.070505355
-0.0705397726
-0.0696498642
-0.0714577708
-0.0712417208
-0.0701067934
-0.0719615482
-0.0709724002
-0.0711954128
-0.0724152308
-0.0712726892
-0.0719976268
-0.0710718374
-0.072377337
-0.0730240058
-0.0716356428
-0.0716918636
-0.0707137886
-0.0711857558
-0.0721201376
-0.0720138512
-0.0724992446
-0.0723896512
-0.0707770032
-0.0716402786
-0.0713136054
-0.0701414198
-0.0707126116
-0.072098713
-0.0708964756
-0.07059961
-0.0727095408
-0.0720491876
-0.0716787658
-0.0716427272
-0.0714898852
-0.0716796652
-0.0729420108
-0.072633178
-0.072284253
-0.0734660486
-0.0719206376
-0.0723098336
-0.0720209162
-0.0698582242
-0.0715555818
-0.0723451132
-0.0717184766
-0.071212112
-0.0721841118
-0.0716719032
-0.0716517106
-0.0724984026
-0.071035148
-0.0717900224
-0.071934003
-0.0715259572
-0.0712115186
-0.0723218288
-0.071736822
-0.070463473
-0.0715705102
-0.0727707464
-0.070773431
-0.0719496492
-0.0714216914
-0.0723404016
-0.0721259932
-0.0712438054
-0.072519083
-0.0727143682
-0.0716991724
-0.0720342386
-0.0707652488
-0.0732440566
-0.0707867416
-0.0712127872
-0.072884809
-0.0720854154
-0.071974703
-0.070615169
-0.0718486398
-0.0712248336
-0.0716771776
-0.0708365414
-0.0704369862
-0.0710417002
-0.0713724606
-0.0708935292
-0.0723952604
-0.0721066832
-0.0718801746
-0.0708006204
-0.0720346582
-0.0724933446
-0.0710040166
-0.070128858
-0.0714776796
-0.0714259102
-0.0729562648
-0.0730461458
-0.0734774914
-0.071591754
-0.0723471224
-0.0717401058
-0.0712143702
-0.0724981858
-0.070944793
-0.0723789052
-0.0713667484
-0.07191452
-0.070391912
-0.0715181918
-0.0708814176
-0.0714838314
-0.0713257058
-0.0707268086
-0.0705705384
-0.0712770108
-0.0722812164
-0.0699252574
-0.0711013596
-0.0696998162
-0.0720018502
-0.0717855214
-0.07281804
-0.073455592
-0.0706559228
-0.07172013
-0.0717065428
-0.073506938
-0.0732845018
-0.0729834292
-0.0733198304
-0.0726967388
-0.0729674012
-0.0718270604
-0.0723868312
-0.0720435552
-0.0716813634
-0.07082515
-0.0730213088
-0.0711749782
-0.071296397
-0.07217789
-0.0718023658
-0.0722144166
-0.0719886074
-0.0713034302
-0.0740298434
-0.0729705142
-0.072640848
-0.0728359044
-0.07288481
-0.0716968656
-0.0722778858
-0.0722842246
-0.0732911816
-0.0715238898
-0.071606935
-0.0730029188
-0.0723801716
-0.0706668436
-0.0725622588
-0.0713002072
-0.0722756932
-0.071352252
-0.0704822904
-0.071740764
-0.071311076
-0.0717521468
-0.0705270396
-0.0711635814
-0.0717519756
-0.073055777
-0.0713889216
-0.0717626524
-0.0711268784
-0.0720441684
-0.0713991726
-0.0731426462
-0.072098294
-0.0712147158
-0.0710414486
-0.072050979
-0.07140685
-0.0731930598
-0.0722601004
-0.0720165114
-0.0708503162
-0.0715985544
-0.0725956086
-0.0715175264
-0.0716210774
-0.0727077032
-0.070649551
-0.0714604782
-0.071925939
-0.072893453
-0.0718416998
-0.0715879738
-0.0705865746
-0.0708730082
-0.071407106
-0.070260159
-0.0704088002
-0.070611516
-0.071031012
-0.0717993188
-0.0721832728
-0.070274291
-0.071456999
-0.0710063076
-0.0713875954
-0.0718472666
-0.0717792556
-0.0704529724
-0.0711451916
-0.0702034454
-0.0709364804
-0.0719312938
-0.0704920484
-0.0713241556
-0.0702473576
-0.071105457
-0.0713166592
-0.071295311
-0.0712163012
-0.071915055
-0.072476363
-0.0719677206
-0.0718688644
-0.070496513
-0.0712629306
-0.0712625498
-0.068816167
-0.0707068138
-0.0705864256
-0.07052617
-0.0708181188
-0.0710462048
-0.070562901
-0.0703299954
-0.0705623826
-0.0704235362
-0.0714695012
-0.0687287596
-0.0711284178
-0.0725601464
-0.07196029
-0.070195306
-0.0722358848
-0.07177013
-0.0715115264
-0.071135405
-0.0712226966
-0.0723304588
-0.0712435014
-0.072815967
-0.0710113334
-0.0700174578
-0.0712384926
-0.070380296
-0.071548323
-0.0727720626
-0.0722014984
-0.0712878276
-0.0712212542
-0.0705480048
-0.0716134138
-0.071898623
-0.0709992082
-0.0714673014
-0.0701840992
-0.0709471612
-0.0701372828
-0.0718025568
-0.0710211758
-0.0715777426
-0.070434661
-0.0709189124
-0.0708927238
-0.0714805402
-0.0721147626
-0.0695884686
-0.0701422686
-0.0711470004
-0.070468721
-0.0693756526
-0.0713220648
-0.0713677156
-0.070364248
-0.072086255
-0.0717981084
-0.0706115176
-0.0702251038
-0.0707357064
-0.0705647634
-0.071258927
-0.0708677832
-0.0701965016
-0.071971841
-0.0720039856
-0.0719094768
-0.0712676788
-0.0714591332
-0.0706983686
-0.070961618
-0.0720480132
-0.0704478482
-0.072430895
-0.0703213104
-0.0717296476
-0.070854813
-0.0711429746
-0.0721084696
-0.0724000774
-0.0702548112
-0.0714665076
-0.0709770178
-0.0702110966
-0.0706134808
-0.0707564206
-0.0725354104
-0.0708981194
-0.0713496232
-0.0731062616
-0.0724607316
-0.0722127422
-0.0723639072
-0.0720939538
-0.0709779474
-0.0717204868
-0.0717788816
-0.0717013196
-0.0716593958
-0.070787355
-0.0708895668
-0.0709905122
-0.0705345628
-0.0715414028
-0.070970743
-0.0707616578
-0.0711536612
-0.0706153802
-0.0704461574
-0.07112847
-0.0719065694
-0.0708808834
-0.071400119
-0.0696194132
-0.0702329406
-0.0701946722
-0.0704203592
-0.0713404058
-0.0717898134
-0.072037286
-0.0699757248
-0.0712950048
-0.072435832
-0.0708232094
-0.0692295008
-0.071323029
-0.0689512138
-0.0703540394
-0.071685504
-0.0696733442
-0.0711021324
-0.0705584318
-0.0721095506
-0.0702718934
-0.0719063874
-0.0715752634
-0.0710918856
-0.0695811698
-0.0722651494
-0.0724485066
-0.071840032
-0.0714362726
-0.0716783106
-0.0709123744
-0.0711403484
-0.0712074988
-0.0712074988