-0.065467205
-0.0662539352
-0.065678037
-0.066911118
-0.0652731396
-0.0658454602
-0.0663142516
-0.0650120764
-0.0648707474
-0.0643814186
-0.066107188
-0.0657658816
-0.0637049776
-0.064404163
-0.0651673236
-0.0651759814
-0.0656257006
-0.0651904888
-0.0656497082
-0.0654776744
-0.0655717288
-0.0663810828
-0.0659007726
-0.066236844
-0.0664308968
-0.0658489928
-0.0641455092
-0.0659108954
-0.065657379
-0.0663700832
-0.066463203
-0.0647382642
-0.0663565618
-0.0662053328
-0.0655157196
-0.0669536996
-0.0657582538
-0.0663219112
-0.066849677
-0.0659903288
-0.0673402114
-0.0661965424
-0.0646326636
-0.0662212832
-0.0660508346
-0.0658872322
-0.0648970724
-0.0652731598
-0.0653950028
-0.0667828358
-0.0646915308
-0.0649707362
-0.0676718302
-0.0672638336
-0.0652267086
-0.0664733178
-0.0675654516
-0.0663881116
-0.0672385528
-0.0668336582
-0.0664648602
-0.0650896298
-0.0657392006
-0.0657675652
-0.0662511384
-0.0656120388
-0.0667747078
-0.065646752
-0.0640660384
-0.0666297456
-0.0649428996
-0.066009155
-0.0665112306
-0.0662921778
-0.0665073396
-0.0660131746
-0.0670987078
-0.0657976006
-0.0661755168
-0.0667805814
-0.0661712484
-0.066594625
-0.0666597466
-0.0659459126
-0.0654727134
-0.066532398
-0.0669596672
-0.0676701058
-0.0671680128
-0.0677645128
-0.0680406496
-0.066021927
-0.0660934724
-0.066781539
-0.066557024
-0.0682208262
-0.0655417832
-0.065159787
-0.0662875438
-0.0674328206
-0.066406187
-0.066057981
-0.0660536754
-0.0672869466
-0.0667914714
-0.0662449818
-0.0659031152
-0.0655751188
-0.066470067
-0.0655518484
-0.0657487706
-0.066301736
-0.066424814
-0.0657352914
-0.0660824958
-0.065637523
-0.0658069212
-0.066587749
-0.0662552424
-0.0666740234
-0.0665288604
-0.0651989726
-0.066634325
-0.067817271
-0.0673010812
-0.0663691316
-0.0678163244
-0.066523508
-0.0672867682
-0.0657498434
-0.0649448514
-0.0656191998
-0.0658015446
-0.0651542336
-0.065220727
-0.0656188474
-0.0661684918
-0.0670831882
-0.0671024272
-0.0660272514
-0.067682137
-0.0666862478
-0.0652000732
-0.0668545662
-0.0653395664
-0.0675451298
-0.06667099
-0.0671276962
-0.065715889
-0.0669712628
-0.0655169406
-0.066343362
-0.0667121892
-0.0684044112
-0.0667500928
-0.0669860308
-0.0666475162
-0.0675546094
-0.0672180654
-0.066053216
-0.066328684
-0.0660561814
-0.0664156224
-0.0668838212
-0.0664799582
-0.0673946238
-0.0663974886
-0.065819629
-0.0665060546
-0.0672326722
-0.0654822456
-0.0648346802
-0.0660941082
-0.0670605324
-0.0664429132
-0.0660437374
-0.0652771436
-0.0652556394
-0.0653401406
-0.0669712552
-0.0664359792
-0.0677924668
-0.0658130872
-0.0659431586
-0.0659861918
-0.0652966738
-0.065412368
-0.0655789874
-0.0656989896
-0.0656657524
-0.0656799482
-0.0658482972
-0.0661431868
-0.0662889356
-0.0659882766
-0.0676945602
-0.065984109
-0.0669975012
-0.0673437476
-0.066324357
-0.0669072738
-0.0666171232
-0.065288521
-0.0669980632
-0.066591203
-0.065604338
-0.0651544254
-0.065756606
-0.064614623
-0.0651537888
-0.0664312096
-0.0645070452
-0.065375192
-0.065763697
-0.0656264366
-0.0645858652
-0.0648442092
-0.0661748676
-0.0658986496
-0.064987645
-0.0644946962
-0.0656317196
-0.0659679734
-0.0650537788
-0.0663788768
-0.0655570028
-0.0665072622
-0.0659275564
-0.0665357484
-0.0671281612
-0.068017277
-0.066966366
-0.0659451768
-0.065590215
-0.0662954806
-0.064234666
-0.0675647344
-0.0660502172
-0.0656888022
-0.0648576906
-0.0655256274
-0.064869755
-0.0658091584
-0.0654105346
-0.065834053
-0.0661217776
-0.0655236476
-0.0654430592
-0.0665087526
-0.0660009434
-0.0648616748
-0.066703722
-0.0651666286
-0.0660161172
-0.0661826982
-0.0670917524
-0.0655125672
-0.0661920388
-0.066797671
-0.0656360436
-0.065874895
-0.0655003374
-0.066379275
-0.0654882472
-0.0647976546
-0.0668196518
-0.066316252
-0.0660716624
-0.0663331396
-0.0668185018
-0.0664491464
-0.0654074486
-0.0664435692
-0.0676995362
-0.0672849482
-0.0657844582
-0.0671299954
-0.0664664142
-0.0664411298
-0.0660571374
-0.066760457
-0.0661123518
-0.0665773036
-0.0653707496
-0.0664002528
-0.064682181
-0.064709048
-0.0676998018
-0.066942372
-0.066701667
-0.0670928766
-0.0647334098
-0.0663681968
-0.0657649898
-0.0648193932
-0.06608993
-0.0660821764
-0.0656419704
-0.0660929976
-0.0662425916
-0.065490022
-0.0674410914
-0.0661264238
-0.0666467496
-0.0659878798
-0.0667311654
-0.0666245114
-0.0664132856
-0.066827054
-0.0648651292
-0.0656383536
-0.0662921912
-0.0662994214
-0.0672286004
-0.0657046712
-0.0653928016
-0.0665065312
-0.0655006264
-0.065517723
-0.067133731
-0.0666338616
-0.065567973
-0.067265321
-0.0668079168
-0.0668437572
-0.0653043138
-0.0662884684
-0.0657060168
-0.0664876078
-0.0652503238
-0.0646142394
-0.067264156
-0.0661545484
-0.0657012728
-0.065883298
-0.0645988112
-0.0656568372
-0.065307985
-0.067269843
-0.0663885782
-0.0653445192
-0.0645415566
-0.0660959432
-0.0657917206
-0.065997242
-0.0674735254
-0.0660085278
-0.0653748586
-0.0668349804
-0.066466096
-0.0667037396
-0.0667548914
-0.066111451
-0.0671674674
-0.065715547
-0.0668494708
-0.0662244546
-0.0662092652
-0.0668139178
-0.0667419378
-0.0669122988
-0.066715417
-0.0666534254
-0.0661455704
-0.0655227376
-0.0673892254
-0.0663348954
-0.0668680006
-0.0666020434
-0.0677256708
-0.0654268674
-0.0665909914
-0.0667193906
-0.0657130112
-0.0654728892
-0.0675463178
-0.0666650988
-0.0674044558
-0.0673887276
-0.0664164308
-0.067119429
-0.065943646
-0.06478465
-0.0676070422
-0.0666783814
-0.065370748
-0.0650950198
-0.064925172
-0.0660263722
-0.065475553
-0.0660555146
-0.066498986
-0.06633132
-0.0663999966
-0.0665177452
-0.0666397884
-0.0670891596
-0.0667164688
-0.065839213
-0.0652464198
-0.0664010692
-0.065191561
-0.0670720814
-0.0671694668
-0.0643472678
-0.0654812672
-0.0665310034
-0.0665772794
-0.065010126
-0.0661836916
-0.0655237842
-0.0662558758
-0.0669567238
-0.0662745152
-0.0671833012
-0.0671367452
-0.0667865944
-0.067945636
-0.0661104244
-0.0663411298
-0.066627787
-0.0655521378
-0.0656422246
-0.0664124802
-0.0668131938
-0.065188022
-0.0653120458
-0.0651771962
-0.0655120674
-0.0640913672
-0.0663662892
-0.0664234546
-0.0671869936
-0.066603492
-0.0661497372
-0.0664896016
-0.0663865976
-0.065341338
-0.0664961408
-0.0653983394
-0.0672033776
-0.0660071596
-0.0666665618
-0.0682018674
-0.0669961212
-0.0677375656
-0.0667570832
-0.0668987246
-0.0659390988
-0.0672131372
-0.0669832902
-0.0661145608
-0.066083864
-0.0656662962
-0.0652140526
-0.0653017576
-0.0663529462
-0.06613503
-0.065072153
-0.0665965774
-0.0659426632
-0.0650540332
-0.0673859476
-0.0660926954
-0.0659247334
-0.0661054058
-0.0674313094
-0.067385284
-0.0676582714
-0.0658965172
-0.067244586
-0.0674686666
-0.0668256256
-0.0660107078
-0.0668010236
-0.0664424748
-0.0650524716
-0.066396527
-0.0660125398
-0.0646132712
-0.0663772414
-0.066230721
-0.0653547474
-0.0645263958
-0.066178495
-0.0665362088
-0.0662426662
-0.066247199
-0.0652670622
-0.0655607108
-0.0680973204
-0.0676192008
-0.0653505958
-0.0659238838
-0.0671929928
-0.0670666156
-0.0664016826
-0.0667471678
-0.0647826772
-0.0658807986
-0.0650897324
-0.0661018544
-0.0671028292
-0.0658906236
-0.0655102756
-0.0658660784
-0.0656306538
-0.0657308492
-0.0659360394
-0.065076859
-0.0660117848
-0.0659871248
-0.0651997484
-0.0662322352
-0.0666153586
-0.0668108294
-0.0673533496
-0.0667696062
-0.0657663708
-0.0670472566
-0.0663220332
-0.0660710892
-0.0663375182
-0.0664164816
-0.0658753912
-0.0654109328
-0.0663639622
-0.0658434072
-0.066589744
-0.0666039634
-0.0664802584
-0.065007521
-0.0664374922
-0.0669489628
-0.0671234176
-0.067748978
-0.067003265
-0.0660551736
-0.0659567062
-0.0670264848
-0.0666754888
-0.066534695
-0.0659525882
-0.0673824746
-0.066729141
-0.0663906672
-0.0665048446
-0.0669274228
-0.065169621
-0.0664441536
-0.0657036294
-0.0652543622
-0.0665847764
-0.0679798708
-0.0657661586
-0.0654579192
-0.0670636122
-0.0672851764
-0.0661790708
-0.06567068
-0.0666897744
-0.0661048402
-0.0663817396
-0.0667289372
-0.0659456308
-0.0660768604
-0.0669627018
-0.065733755
-0.0667407448
-0.065838731
-0.0658166628
-0.0672139668
-0.0675098074
-0.0667482608
-0.068325855
-0.0648128936
-0.0660468704
-0.065749806
-0.0652931228
-0.0670823778
-0.0663970074
-0.0672814404
-0.0676035446
-0.0679138872
-0.0678153212
-0.0665331406
-0.0674561428
-0.066457148
-0.067195561
-0.0663634166
-0.0655750856
-0.0671104082
-0.0662636952
-0.0668472328
-0.0666942738
-0.0672716342
-0.0680584254
-0.0671690846
-0.0656310854
-0.0667219098
-0.0681997496
-0.0669031144
-0.0660384628
-0.067203611
-0.0676436992
-0.0676476794
-0.0676293342
-0.066450365
-0.0656558458
-0.0672791762
-0.066482218
-0.0675295732
-0.0665472176
-0.0671706874
-0.0672041208
-0.0678832732
-0.0667582986
-0.068630101
-0.0694867656
-0.068006314
-0.0681366062
-0.0678246084
-0.0681892056
-0.0673048936
-0.0673892948
-0.0693306126
-0.067923596
-0.0674358278
-0.067875477
-0.0683447356
-0.0673427846
-0.0667465936
-0.066469575
-0.0653076152
-0.0660074554
-0.0665345808
-0.0663592224
-0.066920902
-0.0658976554
-0.0663771352
-0.0663738426
-0.0664173542
-0.066933814
-0.0666450218
-0.067101122
-0.0664557186
-0.0670000494
-0.0658124118
-0.0667849228
-0.0671177408
-0.0680201366
-0.0665284874
-0.0680929734
-0.0665241244
-0.065572736
-0.0670969432
-0.0669388494
-0.0671573776
-0.067406272
-0.0681272784
-0.067647216
-0.0674293544
-0.0671247572
-0.066796986
-0.0673782758
-0.0668813092
-0.0667045138
-0.0662591332
-0.067361601
-0.0660774932
-0.0673340328
-0.0646580234
-0.0664334496
-0.065959352
-0.0654636714
-0.0670586942
-0.0659081682
-0.064799559
-0.0654633348
-0.06695665
-0.065686251
-0.0675356348
-0.0660213274
-0.0665457092
-0.0663345782
-0.0666444774
-0.0683118892
-0.0675525892
-0.0670692962
-0.0663060492
-0.0668829724
-0.065409189
-0.0649310302
-0.0661304232
-0.0648412418
-0.066667332
-0.0671262596
-0.0685230114
-0.0665104596
-0.066072258
-0.0664921226
-0.067771242
-0.0664301358
-0.066409668
-0.066416562
-0.0668705284
-0.0677571046
-0.0678905354
-0.067375838
-0.0657149768
-0.065687865
-0.0671149128
-0.0664747902
-0.0654169962
-0.0657422186
-0.067272628
-0.0662634444
-0.0668048742
-0.0672194592
-0.0656970954
-0.0663284738
-0.067665079
-0.0676884228
-0.0670715212
-0.066049715
-0.0669924956
-0.0665947538
-0.0668854862
-0.0677850782
-0.0686036194
-0.0655878882
-0.0667458246
-0.0663539438
-0.0679579654
-0.0670423548
-0.0682612836
-0.0685255792
-0.0662353216
-0.0648741556
-0.0657878264
-0.0670325874
-0.065557942
-0.066923116
-0.0658870182
-0.0678907996
-0.0658798776
-0.0660273964
-0.064381747
-0.0681421092
-0.0664556066
-0.0647115744
-0.0654910168
-0.0648292726
-0.0663009316
-0.0661258948
-0.0664253946
-0.0662055012
-0.065831891
-0.066360829
-0.0664134318
-0.0661300674
-0.0676094972
-0.0662106006
-0.066477362
-0.0656256332
-0.066261215
-0.0649353044
-0.065703536
-0.0664601256
-0.0658238154
-0.0659595416
-0.065500584
-0.0667568206
-0.065569518
-0.0667333242
-0.0662555966
-0.066314934
-0.0662345924
-0.0665967758
-0.0665659214
-0.0651478144
-0.066770555
-0.0666401368
-0.0671376604
-0.0659603924
-0.0671908614
-0.0674466178
-0.0666345798
-0.0670597072
-0.0683172088
-0.0657503524
-0.0671551198
-0.0658748308
-0.0653759798
-0.0650887682
-0.0659621154
-0.0658337814
-0.0658337814