-0.0732965606
-0.0738474712
-0.0751335178
-0.0732739568
-0.0732687654
-0.0738972416
-0.0713977382
-0.0725599318
-0.0724029236
-0.0716570674
-0.0729663516
-0.072287212
-0.0726752046
-0.0734658512
-0.0732602184
-0.0733097292
-0.0723307084
-0.0722076582
-0.0727322486
-0.0742016768
-0.0733860538
-0.0728988502
-0.0734821022
-0.0730640378
-0.072799507
-0.073105305
-0.0732448936
-0.0720147632
-0.07212625
-0.0716508952
-0.0728022878
-0.0729809278
-0.0733887224
-0.075412076
-0.0743582692
-0.073518896
-0.073565573
-0.0730422878
-0.0735560068
-0.0745132084
-0.0743149444
-0.073152346
-0.0733368266
-0.07416833
-0.0732451056
-0.0717871974
-0.0724630166
-0.0725788654
-0.0736365496
-0.0726671956
-0.0733648836
-0.0738029188
-0.0730391652
-0.0729371178
-0.0738917324
-0.0714329086
-0.0715285204
-0.0721777526
-0.073106997
-0.0719967266
-0.0723399116
-0.0731504602
-0.072405126
-0.0741620864
-0.0748638924
-0.0725360082
-0.0730962844
-0.073796836
-0.0732448738
-0.0728065244
-0.0729652442
-0.0744620332
-0.0735597256
-0.0726640464
-0.0727101374
-0.0720871672
-0.0740353272
-0.0738611916
-0.072903126
-0.0722576654
-0.0737314316
-0.0731366436
-0.0727433748
-0.0737099804
-0.0732529416
-0.0728494382
-0.0727370178
-0.0758534722
-0.0725844646
-0.0731980138
-0.0736922914
-0.0728657378
-0.0734690544
-0.0740692976
-0.0730138578
-0.0741097424
-0.0730130336
-0.0734015664
-0.0722267898
-0.0748211906
-0.0727795904
-0.0743181554
-0.0745272288
-0.0727880228
-0.0733501664
-0.0741098776
-0.073250262
-0.0718634964
-0.0725677128
-0.07346858
-0.0725170448
-0.0730166262
-0.0726635584
-0.0718157024
-0.0726704482
-0.0739882734
-0.0719725764
-0.074006965
-0.0730400946
-0.0728833902
-0.0724948486
-0.0724088466
-0.0728230702
-0.0739146472
-0.0731427994
-0.0723127726
-0.0727838788
-0.0734874338
-0.0720608732
-0.0734832254
-0.0735560574
-0.0735859774
-0.0716002732
-0.0728804226
-0.072814791
-0.0747785244
-0.0724289602
-0.0726107392
-0.0747605252
-0.0726418628
-0.074025932
-0.0719308124
-0.0740869246
-0.0731023574
-0.0741112788
-0.0721246064
-0.07328529
-0.074363831
-0.074376731
-0.0728839898
-0.072534541
-0.0728269188
-0.0729402526
-0.0727929148
-0.0749300568
-0.0735564776
-0.0737743788
-0.0733788796
-0.0730591182
-0.0713976796
-0.0722473604
-0.0750963298
-0.0730689762
-0.0743364544
-0.072508251
-0.0738444836
-0.07454503
-0.0738375662
-0.0730221378
-0.0744219276
-0.0733687894
-0.0737168774
-0.0731167728
-0.0725215266
-0.0729116408
-0.0721509322
-0.072133552
-0.0721559198
-0.0723798186
-0.0731888016
-0.0741321896
-0.0726321784
-0.0729991624
-0.0732811816
-0.0730004168
-0.0722804652
-0.0728783182
-0.0723670286
-0.0726172534
-0.0717184806
-0.0731986976
-0.0739722622
-0.0723194774
-0.0715405114
-0.0721521192
-0.0717024914
-0.073393635
-0.0728714204
-0.0722406276
-0.0710957628
-0.0711411684
-0.071215843
-0.0720212486
-0.0711427208
-0.0707072734
-0.0707027828
-0.0713657846
-0.0724000446
-0.072311675
-0.0721746574
-0.0736274032
-0.0730623478
-0.0730127424
-0.0706865562
-0.0731842588
-0.0717419004
-0.072305533
-0.0709649234
-0.07352943
-0.0723543574
-0.0726702688
-0.0716257778
-0.072817299
-0.0715002494
-0.0718359108
-0.071537405
-0.0722810016
-0.0721069322
-0.0723755368
-0.071818198
-0.0715421574
-0.0721876512
-0.0721083346
-0.0732651246
-0.0717562714
-0.071297104
-0.072959615
-0.0719252422
-0.0724500166
-0.0715507386
-0.073046812
-0.0721175892
-0.0716746642
-0.0718057426
-0.0719561564
-0.0725260342
-0.072452711
-0.0724761244
-0.072906665
-0.0718379066
-0.0731205316
-0.0723295982
-0.0726928916
-0.0731585086
-0.0728753668
-0.0725071722
-0.0707627878
-0.072757798
-0.0735072562
-0.0719489642
-0.0721717032
-0.074044204
-0.0714670908
-0.0712200402
-0.0709497204
-0.0717333802
-0.0719203714
-0.0725854894
-0.0711884218
-0.073903025
-0.0719342594
-0.0732362258
-0.072902508
-0.071571321
-0.0733172266
-0.0741046048
-0.0730064526
-0.07216262
-0.0727451132
-0.073300532
-0.071726179
-0.0729012326
-0.073061368
-0.0739940522
-0.0738089454
-0.0753377474
-0.073835247
-0.0724230392
-0.0743621658
-0.0724231596
-0.0735753178
-0.0724039776
-0.0720767544
-0.073906406
-0.071994683
-0.072828802
-0.072841477
-0.0731871204
-0.0712013636
-0.0715384606
-0.0709666214
-0.0715299422
-0.0730669572
-0.0721651938
-0.0724909854
-0.0728326746
-0.0721422896
-0.0733027426
-0.0730469222
-0.073236146
-0.0727495794
-0.0718403162
-0.0723209346
-0.0739482606
-0.072835838
-0.0755273796
-0.0737426508
-0.073379785
-0.0729074512
-0.0725329624
-0.0722195608
-0.0729420968
-0.0728231336
-0.0721213522
-0.0717639586
-0.0726964686
-0.0724516018
-0.0730248272
-0.0724269406
-0.0718480498
-0.0722395266
-0.0728762282
-0.0732271978
-0.0717735936
-0.0730328536
-0.0724250808
-0.0717813676
-0.0717793518
-0.070027023
-0.0720047398
-0.0718312608
-0.0724725168
-0.0723688344
-0.0712517786
-0.0713926972
-0.0728913532
-0.0722303614
-0.0715893846
-0.0719245932
-0.0723909334
-0.0733550066
-0.0730287406
-0.072324542
-0.0721696872
-0.071676528
-0.0724023816
-0.0733787432
-0.072965659
-0.0745257844
-0.0726478264
-0.0719608248
-0.072235777
-0.0723321464
-0.0714124004
-0.0725040602
-0.073300594
-0.0730096926
-0.072272843
-0.0728416332
-0.073960075
-0.0729188622
-0.0729760348
-0.072524602
-0.0736870806
-0.0731487196
-0.0715259898
-0.0719639098
-0.072167532
-0.0735875218
-0.072936357
-0.0724585494
-0.0722621442
-0.0737416036
-0.073891629
-0.0728416516
-0.0722960584
-0.0724525858
-0.0731383692
-0.07427515
-0.0746495918
-0.0729185446
-0.0724559112
-0.0737785356
-0.07367164
-0.0729370572
-0.0726185322
-0.0734380954
-0.0734349606
-0.0725807472
-0.0744936656
-0.0730313092
-0.0758814648
-0.0724857668
-0.0743053052
-0.0742327398
-0.0730822494
-0.0730246008
-0.0723878266
-0.0716821222
-0.0729020496
-0.072812268
-0.0736491596
-0.0743678574
-0.072959719
-0.0741425916
-0.072085138
-0.0720045906
-0.0726097494
-0.0726758654
-0.073386596
-0.0722845056
-0.0721205094
-0.0723672752
-0.070844311
-0.0729122244
-0.0727227764
-0.0737064062
-0.0721382008
-0.0740223708
-0.072721154
-0.0730156708
-0.0728027058
-0.073709242
-0.0729866554
-0.0737944934
-0.0730349506
-0.0723748154
-0.0742502658
-0.0736116914
-0.073486681
-0.073586064
-0.0718495478
-0.071688995
-0.0730096468
-0.0714648778
-0.0735686052
-0.0723448124
-0.0734248956
-0.073684019
-0.0727798114
-0.0733591598
-0.0730716088
-0.0718154856
-0.0731344912
-0.072784286
-0.0723784156
-0.0724271136
-0.0743507688
-0.072694837
-0.0740022346
-0.0730368856
-0.0721698434
-0.0729152476
-0.072811242
-0.072054945
-0.071143328
-0.07447275
-0.0720868448
-0.0727191698
-0.0742494012
-0.0731138984
-0.071562522
-0.0719598796
-0.071747114
-0.0721741294
-0.0718436086
-0.0742123266
-0.073302893
-0.0733678184
-0.0713701126
-0.0732210734
-0.0733571998
-0.0719347148
-0.0718410236
-0.0712306804
-0.072388897
-0.0729070852
-0.0724945078
-0.0719142682
-0.0718651386
-0.0708045958
-0.0716044184
-0.0725905472
-0.0719651558
-0.0717529786
-0.0723938846
-0.0719769438
-0.0713201204
-0.0728123628
-0.0732716158
-0.072028367
-0.071716845
-0.0720576752
-0.0725677286
-0.0720401364
-0.0729832022
-0.0744544404
-0.0732061738
-0.0723525096
-0.0723638382
-0.0724306186
-0.0728067936
-0.0734996252
-0.0728454558
-0.0731061436
-0.0730882554
-0.0727528476
-0.0712993098
-0.073598065
-0.0729121194
-0.0726479204
-0.071318712
-0.0719354406
-0.072605453
-0.071994201
-0.0714050672
-0.0715034832
-0.0722148374
-0.072202382
-0.0735503134
-0.0727171142
-0.070820127
-0.0713343732
-0.0717170556
-0.072004353
-0.0722670756
-0.0702356434
-0.070035151
-0.0712535324
-0.0713517702
-0.0712982538
-0.0724194756
-0.0719327726
-0.0706226332
-0.0717791864
-0.072615287
-0.0717824774
-0.0736459726
-0.071792505
-0.0714602098
-0.0738362116
-0.0726795334
-0.0729685488
-0.073058458
-0.0732801298
-0.073024186
-0.073678853
-0.0721155324
-0.073117485
-0.072267437
-0.073619357
-0.0719833482
-0.072535139
-0.0725777118
-0.0713945442
-0.0719687906
-0.0723078
-0.0723719546
-0.072122069
-0.0729065922
-0.0720585814
-0.0728442674
-0.0717468036
-0.0722518298
-0.0724469126
-0.0714832554
-0.073251018
-0.0717410062
-0.0726204704
-0.0709208972
-0.071095784
-0.0726685482
-0.0716527924
-0.071387639
-0.070980207
-0.071127389
-0.0711880458
-0.0718885166
-0.0719948486
-0.0725683614
-0.0708150976
-0.0700706808
-0.071149257
-0.0711691878
-0.0718678016
-0.0732645236
-0.0716695032
-0.0722200188
-0.071279702
-0.0714566822
-0.0715930884
-0.0723953386
-0.0728675958
-0.0701178638
-0.072296652
-0.0707567452
-0.0697106212
-0.0709597278
-0.0740582852
-0.0725147226
-0.0728099548
-0.0727755808
-0.0717022454
-0.072048647
-0.070915931
-0.0729069998
-0.0717657052
-0.0730213838
-0.0719189864
-0.0713616168
-0.071635027
-0.0717234212
-0.0723431938
-0.0708602822
-0.0713522696
-0.0718292308
-0.072462762
-0.0725996068
-0.072162546
-0.0710436338
-0.0731571394
-0.0721470592
-0.071370543
-0.0724398338
-0.0699028568
-0.0706116394
-0.0711605672
-0.0703393652
-0.0715173174
-0.072076252
-0.0728305982
-0.0713499854
-0.070912495
-0.0720106042
-0.071881776
-0.0735948104
-0.0717274782
-0.0731534956
-0.0727067316
-0.0717749388
-0.0718296766
-0.0718683142
-0.072737827
-0.0726331832
-0.0738376736
-0.0728704922
-0.0718805004
-0.0728051148
-0.072772313
-0.0719648838
-0.0722808406
-0.0735438618
-0.0713646124
-0.0731294486
-0.0726246482
-0.073098942
-0.0733906222
-0.0729464808
-0.0724116758
-0.0724466874
-0.0725700862
-0.0719310854
-0.072474641
-0.072868718
-0.0729991216
-0.0723568098
-0.0708571568
-0.07248584
-0.0724176564
-0.0732957816
-0.0727439038
-0.0726593004
-0.0739564834
-0.0731590894
-0.0735381498
-0.0731972796
-0.0735750594
-0.0732451284
-0.0722508492
-0.0732908264
-0.0731857488
-0.0726925194
-0.0733287652
-0.0730308234
-0.0733099578
-0.0732505788
-0.07238779
-0.0734283096
-0.0720855094
-0.0721365028
-0.0731422256
-0.0735639976
-0.0724274794
-0.072686879
-0.0752001616
-0.073322727
-0.0728695296
-0.0735283076
-0.0718941684
-0.0717699976
-0.0718173956
-0.0739971634
-0.0727133388
-0.0723130978
-0.0721885772
-0.071629009
-0.0709549854
-0.070625184
-0.072910577
-0.0730696374
-0.0744075402
-0.0735876914
-0.0734557894
-0.071412515
-0.073458891
-0.0737771316
-0.0732305546
-0.0731108634
-0.0729182492
-0.0716495568
-0.0732925996
-0.0730740044
-0.0724941042
-0.0720318924
-0.0727798492
-0.0738207844
-0.0723142912
-0.0737733262
-0.0728354698
-0.0739738228
-0.0731824822
-0.0727707842
-0.0735116566
-0.0741151334
-0.072747613
-0.0728001222
-0.073668394
-0.0734047938
-0.0740394594
-0.073329451
-0.0728214116
-0.071069528
-0.0726621612
-0.0734251078
-0.071904894
-0.0728855672
-0.0717636132
-0.0725932114
-0.0720212888
-0.0725589692
-0.07223878
-0.07298559
-0.073446555
-0.0732054006
-0.0735410142
-0.0734224166
-0.0717604388
-0.073307766
-0.0734659738
-0.074134949
-0.071850566
-0.0729785938
-0.0734784454
-0.0738155086
-0.0727062098
-0.073133142
-0.074973229
-0.0723717864
-0.072604072
-0.073546735
-0.0725198966
-0.073415606
-0.0723227686
-0.071354065
-0.0719821242
-0.070896318
-0.0727634218
-0.0721526744
-0.0723928458
-0.0723179204
-0.0729949556
-0.0716472872
-0.0722059202
-0.0727912498
-0.0741814364
-0.0723852954
-0.0745060484
-0.0747811014
-0.07291541
-0.0725602078
-0.073242064
-0.0726058306
-0.0726869812
-0.0734508082
-0.0726091624
-0.072644763
-0.0728714036
-0.0714412856
-0.0726616386
-0.072274929
-0.0720816658
-0.073133549
-0.0737813016
-0.0712453182
-0.0717889492
-0.0736288368
-0.073469439
-0.0719844588
-0.0731046042
-0.073253105
-0.0725577898
-0.0719448588
-0.0737256922
-0.0725998684
-0.0723482162
-0.0721783816
-0.0714927558
-0.0734366346
-0.0729711766
-0.0730927056
-0.0742876122
-0.0731231504
-0.0737867998
-0.072427631
-0.072861204
-0.0714109812
-0.0728810204
-0.0721923576
-0.0739032384
-0.0717628116
-0.0724641998
-0.0723101436
-0.0726811118
-0.0729755268
-0.0719613066
-0.073701642
-0.073057865
-0.0735646684
-0.0723489828
-0.0718035602
-0.0736324038
-0.0716204632
-0.07283733
-0.073466113
-0.0742744136
-0.0730025286
-0.0729739286
-0.0730276052
-0.072629663
-0.0725224834
-0.0733894468
-0.0720276562
-0.0723437666
-0.0742449532
-0.0734997512
-0.0730792986
-0.0744469242
-0.073414937
-0.071625176
-0.073558729
-0.0720942818
-0.0730766234
-0.073364333
-0.0724996196
-0.0725380674
-0.0726669588
-0.0728906742
-0.0734409298
-0.0723046644
-0.0730969188
-0.0715779078
-0.071895399
-0.0714506142
-0.0728713606
-0.071900547
-0.07464809
-0.072737008
-0.0726353606
-0.072880466
-0.0744400222
-0.0727049466
-0.07272204
-0.0715576942
-0.0700561236
-0.0707327904
-0.0722745954
-0.0739446574
-0.0719120586
-0.0720662296
-0.0734624746
-0.0738217192
-0.0728141786
-0.07082649
-0.0731216274
-0.0730468028
-0.0735663194
-0.0731423758
-0.0737085002
-0.0739503674
-0.0733708536
-0.0739700224
-0.0739468632
-0.073370613
-0.0737070018
-0.0738891806
-0.0743740634
-0.0726298494
-0.0734865232
-0.0732579312
-0.0727052334
-0.07305516
-0.0737194386
-0.073477519
-0.0729970598
-0.0729768496
-0.0720384606
-0.072730112
-0.0728996612
-0.0729234712
-0.0736543774
-0.073854894
-0.0742354136
-0.0737288868
-0.0743950522
-0.0741407016
-0.0730298078
-0.0743050814
-0.0754368872
-0.0734020832
-0.0737849378
-0.0725789198
-0.0733524958
-0.073726124
-0.0728891232
-0.0741886256
-0.0732208278
-0.0725090962
-0.0736219658
-0.0729254176
-0.0730450962
-0.0752023614
-0.0729583384
-0.073116397
-0.0735887822
-0.0733750986
-0.0742662864
-0.0742506074
-0.074703827
-0.0737085454
-0.074079678
-0.075029948
-0.0733355814
-0.0726261336
-0.0729064468
-0.073095114
-0.072543889
-0.072767223
-0.072922049
-0.0737030878
-0.072424879
-0.072013875
-0.0721043712
-0.0727675846
-0.071616146
-0.0740203008
-0.0716676536
-0.0736208166
-0.0727245066
-0.0727451982
-0.0728112274
-0.0737039096
-0.0720923086
-0.074147629
-0.0716362224
-0.073880462
-0.0740874424
-0.073402056
-0.0737547568
-0.0739096228
-0.0733739216
-0.0729633956
-0.0731316478
-0.072184347
-0.0732371754
-0.0714775244
-0.0717383804
-0.0720205286
-0.0717385204
-0.0728200326
-0.0729181442
-0.0736111486
-0.0732652254
-0.0736269548
-0.0708624074
-0.0730683848
-0.0720213376
-0.0713389144
-0.0722337756
-0.0717341712
-0.0726531124
-0.072589692
-0.0735176044
-0.07185354
-0.0723969948
-0.0720368662
-0.0717667044
-0.071148549
-0.0731779898
-0.0738799116
-0.0725998066
-0.0724777242
-0.07341328
-0.0742832878
-0.0727922832
-0.0739733746
-0.0734024226
-0.0733810068
-0.073786643
-0.0729655198
-0.0733799918
-0.0732850822
-0.0723526778
-0.0750330516
-0.0727480986
-0.0726147206
-0.072224018
-0.073710667
-0.0720812624
-0.07324807
-0.0736559696
-0.0725340286
-0.0741684714
-0.0741279622
-0.0727595828
-0.074145556
-0.0724868654
-0.0722710218
-0.0745281978
-0.073545857
-0.0725953698
-0.0721728622
-0.0730314158
-0.0724378722
-0.0724288262
-0.0732600338
-0.0716075412
-0.0734525654
-0.072599552
-0.07352725
-0.0721669876
-0.0732038498
-0.072851816
-0.0720169562
-0.0720761282
-0.0730582992
-0.0727587854
-0.0725325274
-0.0730610362
-0.0732981368
-0.0735474774
-0.0730345664
-0.071273152
-0.0726703552
-0.0727082322
-0.072881389
-0.0721680204
-0.0727737498
-0.0721074384
-0.0737292714
-0.0725381478
-0.0740913118
-0.0729674436
-0.0735730782
-0.0732370446
-0.071689753
-0.0727268468
-0.072146469
-0.0726416288
-0.072510819
-0.0722793674
-0.0727168774
-0.0730761332
-0.072749895
-0.0734079474
-0.0743414944
-0.0729750502
-0.0722221172
-0.0726350858
-0.0726505078
-0.0715675248
-0.070080161
-0.0719190526
-0.071634167
-0.0728083526
-0.0726390168
-0.0735751572
-0.072022321
-0.0728069698
-0.0727548654
-0.0723883294
-0.072531263
-0.0711497742
-0.0713174984
-0.0731696756
-0.0714969916
-0.0737084142
-0.0722374428
-0.073399438
-0.0705701478
-0.0723143126
-0.0721420276
-0.0722235172
-0.0725521216
-0.0719829438
-0.072148756
-0.0731670908
-0.0719775972
-0.0722190056
-0.0709957132
-0.0732386236
-0.0720462024
-0.0738428342
-0.07259623
-0.0745887654
-0.072795146
-0.0723633184
-0.0728965574
-0.0717888684
-0.0721200696
-0.0730845172
-0.0733172504
-0.0738532584
-0.0731956274
-0.0714696146
-0.0724706032
-0.0726513028
-0.0727886942
-0.0727417376
-0.0725318372
-0.071239767
-0.0728217272
-0.0724884116
-0.073838041
-0.071730106
-0.0725739322
-0.0710337398
-0.0727953868
-0.071660303
-0.0724923264
-0.0735850766
-0.0732529194
-0.0722916878
-0.0707960778
-0.0726533002
-0.071166698
-0.0710816414
-0.072241125
-0.073223253
-0.0724290594
-0.07282406
-0.0715651856
-0.0723036996
-0.0711231568
-0.0727012154
-0.071708787
-0.0714834616
-0.073466673
-0.0713013542
-0.0724119092
-0.0732042368
-0.0710918502
-0.0730636752
-0.072300515
-0.0720799882
-0.0734234786
-0.0720664472
-0.0724429058
-0.069746404
-0.070997104
-0.0729379444
-0.0719059348
-0.0729312962
-0.0735771424
-0.0732036734
-0.0725186394
-0.0725565996
-0.0717492316
-0.0728259986
-0.0727887714
-0.0740167068
-0.073817795
-0.0730269882
-0.0712947966
-0.072428899
-0.0717311774
-0.0728005726
-0.0736483222
-0.072574185
-0.0718931044
-0.0731536526
-0.0728672804
-0.0713458716
-0.0730609952
-0.0724636318
-0.0721543038
-0.072907901
-0.0717102334
-0.072531563
-0.0721672092
-0.0717252514
-0.0714833564
-0.0721130752
-0.0734212728
-0.0733035564
-0.0726168534
-0.0727351264
-0.0718569926
-0.0726811036
-0.0705541218
-0.0726286486
-0.0729776646
-0.071596297
-0.0729256072
-0.0726833922
-0.0732151926
-0.072969917
-0.0718604866
-0.0727352016
-0.0716186742
-0.0729617354
-0.0721527594
-0.0730474434
-0.0729852492
-0.0727888714
-0.071533137
-0.0720916744
-0.0713822426
-0.072343993
-0.0717014524
-0.0708441896
-0.0721143378
-0.0721920596
-0.0718344556
-0.0718344556