-0.0537582694
-0.0540146732
-0.052814043
-0.0528343408
-0.0534510042
-0.0537937766
-0.0535485212
-0.0525196792
-0.0534936656
-0.0526349256
-0.0534918528
-0.052714568
-0.0528226118
-0.0539240386
-0.053193011
-0.0540511592
-0.0539381426
-0.0550851194
-0.052482311
-0.0549130594
-0.0537238866
-0.05479284
-0.0541523986
-0.0541494132
-0.0523555776
-0.0530310126
-0.0539453638
-0.0522598734
-0.0536191482
-0.0539919224
-0.054043521
-0.0548068956
-0.0533076656
-0.0530641932
-0.052942511
-0.0525799248
-0.0530963762
-0.0547872566
-0.0534676578
-0.0541371892
-0.0526583648
-0.0526566974
-0.052630321
-0.0535055882
-0.0522724362
-0.0516086818
-0.0535418322
-0.0526980596
-0.0524779
-0.0533048738
-0.0546802402
-0.0546802402