-0.0744899426
-0.0733333618
-0.0733886028
-0.0745424386
-0.0739509454
-0.0735868088
-0.0727830388
-0.0725874968
-0.074701777
-0.0734202262
-0.072880302
-0.0725472772
-0.073764148
-0.0724430058
-0.0745290026
-0.0739749636
-0.0735737692
-0.0749189528
-0.0739048306
-0.0737481138
-0.0739137124
-0.073289686
-0.0735357844
-0.0743234782
-0.0740220936
-0.0741391072
-0.0745085118
-0.0736072952
-0.0729535392
-0.0732272202
-0.073411811
-0.0743246608
-0.0743798428
-0.073024492
-0.0740865444
-0.0743638744
-0.0738587496
-0.0735023736
-0.0733959588
-0.075245096
-0.0755261472
-0.0730401178
-0.0744804424
-0.0733555296
-0.0722022952
-0.0726189162
-0.0740553964
-0.0726991002
-0.0734731118
-0.0728823168
-0.0731599644
-0.0733158234
-0.0725632582
-0.0730420994
-0.073942371
-0.0728971034
-0.0727564548
-0.072794777
-0.074163196
-0.0750221498
-0.0729437008
-0.073276939
-0.071575207
-0.07304418
-0.0729370864
-0.0712507398
-0.0717461866
-0.0728588168
-0.0722890924
-0.0716633714
-0.0714077696
-0.0727217282
-0.0728220468
-0.0724699258
-0.0727631438
-0.0748488752
-0.0740352838
-0.073328759
-0.0732287808
-0.0728647204
-0.0745501348
-0.073613562
-0.0747825454
-0.0717671174
-0.0724811884
-0.0730263226
-0.0720820274
-0.0714963756
-0.071706656
-0.0727294748
-0.0709643008
-0.0704137194
-0.0719385942
-0.0723197788
-0.0721031584
-0.0719695552
-0.0720296812
-0.0726550596
-0.0725998644
-0.0730971404
-0.0727534922
-0.0718786208
-0.072389938
-0.0721775396
-0.0724041806
-0.0727076378
-0.072667147
-0.0722790096
-0.0716254586
-0.072955961
-0.0733381622
-0.073026097
-0.0728894492
-0.0728924606
-0.074534812
-0.0736026244
-0.0745706102
-0.0736676442
-0.074055686
-0.072961446
-0.0712126788
-0.0716650676
-0.0720939452
-0.0733838236
-0.07399191
-0.0726977666
-0.072779907
-0.0713567066
-0.0737833452
-0.0737815324
-0.0732379272
-0.072697951
-0.0737516078
-0.0717298386
-0.0730866582
-0.0722852078
-0.0737167972
-0.0727033974
-0.0730982918
-0.073223544
-0.0744870884
-0.0732225796
-0.0720147546
-0.0720023084
-0.0731109866
-0.0718235874
-0.0733288548
-0.0720783288
-0.072731879
-0.0717909968
-0.0726515416
-0.0730300314
-0.0735548868
-0.0746963998
-0.0714302128
-0.0729027352
-0.0723824498
-0.0742255054
-0.0738003874
-0.072318138
-0.0725199604
-0.0726797674
-0.0728136334
-0.073146701
-0.0717985568
-0.0731089514
-0.071834083
-0.0725899984
-0.0728539602
-0.0729333814
-0.0736434438
-0.0729884824
-0.0716506288
-0.0724588868
-0.0730566964
-0.0738862178
-0.0730857648
-0.0723748336
-0.0727570274
-0.07376876
-0.0734132644
-0.072376429
-0.073554209
-0.0725103434
-0.0730589502
-0.0733951598
-0.073186941
-0.0722349758
-0.0726206444
-0.0733490878
-0.0726842752
-0.0724661294
-0.0738502722
-0.072634452
-0.07241808
-0.0720283818
-0.0718966802
-0.0728778852
-0.072484156
-0.0733496636
-0.0724110428
-0.0738001304
-0.0735792652
-0.0728424488
-0.0733400012
-0.0732694754
-0.0711578786
-0.0723698814
-0.0733953236
-0.0735813722
-0.0738948614
-0.0728711696
-0.0716176542
-0.0725749194
-0.0730330908
-0.0728860576
-0.0730606984
-0.0734041704
-0.0729158926
-0.0741406794
-0.07334679
-0.0725065274
-0.0722932168
-0.0717204708
-0.0720209298
-0.0723996996
-0.0729399372
-0.0740081644
-0.0727083992
-0.0732869274
-0.073024688
-0.0735546932
-0.0712595846
-0.0727786296
-0.0724156844
-0.0727922744
-0.0722880518
-0.0729030564
-0.073388868
-0.0735324436
-0.0716536472
-0.072312351
-0.073553242
-0.0726773836
-0.0726424226
-0.072383672
-0.072326874
-0.0717947822
-0.0725987508
-0.0726718044
-0.073083304
-0.0725844602
-0.0731242942
-0.0722244732
-0.071178258
-0.0719119022
-0.073459664
-0.0718560138
-0.0714461262
-0.0707549876
-0.0732508886
-0.072422314
-0.072168219
-0.0712630974
-0.072173009
-0.0739404058
-0.0725069908
-0.0727330366
-0.0740439974
-0.0729799026
-0.0726720116
-0.0716277792
-0.0737515524
-0.073199689
-0.0732403818
-0.0726461766
-0.0721924102
-0.0722897994
-0.0726452698
-0.0728636172
-0.074765278
-0.0726062926
-0.0708909854
-0.0724593136
-0.0719340256
-0.0723904288
-0.0728090958
-0.0724285388
-0.0725076718
-0.0719038764
-0.0722302392
-0.0735789008
-0.073663855
-0.0727689274
-0.0731507552
-0.0722619244
-0.072090924
-0.072134219
-0.073209969
-0.0727270712
-0.0737870046
-0.0743997788
-0.0727034736
-0.072374758
-0.0715300882
-0.0733512014
-0.0730235222
-0.0722804128
-0.0729347412
-0.073134028
-0.0723162126
-0.072930938
-0.0731395898
-0.0728465296
-0.0722614574
-0.072008815
-0.0719081366
-0.0723789176
-0.0726460102
-0.0719319198
-0.0719619476
-0.071743517
-0.0720216034
-0.0710795406
-0.0725037976
-0.0727577546
-0.072454929
-0.0723142002
-0.070986157
-0.0710148864
-0.0738248316
-0.0727195622
-0.0722248456
-0.0731461252
-0.0721677124
-0.07091117
-0.0732335618
-0.0717161214
-0.0716920566
-0.072907747
-0.0729959778
-0.072287942
-0.0723399948
-0.0720721758
-0.0729342598
-0.0734249206
-0.0733022694
-0.0730696298
-0.0731516028
-0.072185737
-0.0726688146
-0.0723869586
-0.0720602868
-0.0704904886
-0.0713300988
-0.0713560404
-0.0720655826
-0.0721767258
-0.0731885228
-0.0724472874
-0.0712539974
-0.0716907062
-0.0726402432
-0.0714775576
-0.0735292052
-0.0721422638
-0.0715614554
-0.0720430634
-0.0718984396
-0.0725920046
-0.0705363912
-0.0710889064
-0.073389054
-0.0711684554
-0.07195368
-0.0734932192
-0.0734225838
-0.0716681914
-0.073350662
-0.0725727382
-0.0722012142
-0.0710076514
-0.0713307886
-0.0723134596
-0.071271101
-0.0726458136
-0.0723583626
-0.072382669
-0.072347883
-0.0722790512
-0.0720130684
-0.0727591364
-0.0725623374
-0.0733698926
-0.0732962076
-0.0733463804
-0.0727235328
-0.0738862496
-0.073190228
-0.0716945072
-0.0720723094
-0.0728640716
-0.0738342418
-0.072513589
-0.0722914478
-0.0745139916
-0.073978116
-0.0729372814
-0.0732335564
-0.0741729756
-0.0734565564
-0.0722012114
-0.0725328778
-0.0721533314
-0.0738081966
-0.0724870728
-0.0732588466
-0.0736944274
-0.0738255428
-0.0713900884
-0.0730738668
-0.0728676522
-0.072403201
-0.072962388
-0.0736493296
-0.07157317
-0.0724509156
-0.0719424668
-0.0711365602
-0.0728922552
-0.0724995254
-0.0731494656
-0.0731220878
-0.0720079308
-0.072933381
-0.0732830326
-0.071918813
-0.0737335762
-0.0728602706
-0.073291061
-0.073202275
-0.0734234024
-0.07342223
-0.0724031152
-0.073937932
-0.0726941834
-0.0728886948
-0.0731914292
-0.0742202394
-0.0736570822
-0.0736168886
-0.0728147996
-0.073899968
-0.0732235692
-0.0736398278
-0.0730292696
-0.0738117306
-0.073554323
-0.0738484162
-0.0721462414
-0.0738941006
-0.0724230494
-0.071783725
-0.072118772
-0.0725882344
-0.0742489016
-0.0727110518
-0.0736378408
-0.0734644732
-0.0727636744
-0.071933233
-0.0732769018
-0.0730109096
-0.0732196578
-0.0735974702
-0.0739156246
-0.0719723644
-0.0726330116
-0.073171394
-0.072798523
-0.072649311
-0.0726728958
-0.071518378
-0.0715426706
-0.0717390764
-0.072985329
-0.0717977976
-0.0717809772
-0.0735727262
-0.0724309486
-0.0724203754
-0.0726395834
-0.0724743454
-0.070701872
-0.0718437318
-0.0715733204
-0.0724733046
-0.0725300654
-0.0709037328
-0.0723106364
-0.0720287278
-0.073077536
-0.0723354348
-0.0712154086
-0.073407338
-0.0725577442
-0.0717447054
-0.073343117
-0.0742234652
-0.0737596946
-0.0741325936
-0.0738842096
-0.0736727818
-0.072486919
-0.0738385136
-0.0728970384
-0.0724586686
-0.0735890508
-0.0730926432
-0.0730268254
-0.0731699648
-0.0726273696
-0.0717135358
-0.0726697626
-0.0733165696
-0.0736044938
-0.0732709702
-0.0731880216
-0.073518615
-0.0740839722
-0.0740839722