-0.0705061172
-0.0705397216
-0.071986055
-0.0717607482
-0.0706957134
-0.0720290364
-0.071851239
-0.0720303312
-0.0718181288
-0.0713201376
-0.070055941
-0.0716196188
-0.0727753422
-0.0704284476
-0.0718785196
-0.0702422052
-0.0718313792
-0.0719028134
-0.0732434604
-0.0717650512
-0.070623701
-0.0714434324
-0.07142738
-0.0710735354
-0.0728054314
-0.0700224506
-0.0717809174
-0.0704365692
-0.0723368404
-0.072427794
-0.0728024996
-0.0724288876
-0.071430163
-0.0709642442
-0.0718243092
-0.0708803752
-0.0731790924
-0.0716270088
-0.0716750136
-0.0715916302
-0.0714673926
-0.0719649422
-0.0719304522
-0.0717977336
-0.0717222576
-0.072542367
-0.0728246252
-0.0732701376
-0.072134662
-0.072783293
-0.0723129194
-0.0713863104
-0.0706598924
-0.0731978222
-0.0713460766
-0.0733975618
-0.0728837828
-0.0732992576
-0.0728544062
-0.072154804
-0.0727957132
-0.0736620672
-0.0720055576
-0.0711546686
-0.0715800528
-0.0724839876
-0.0713501196
-0.072577367
-0.0728384024
-0.0724204298
-0.0723453282
-0.071840373
-0.0721928534
-0.071890126
-0.0717159626
-0.0709434282
-0.0724331128
-0.0707410924
-0.0719939292
-0.0735766892
-0.0724539566
-0.0735816452
-0.0740656098
-0.0713793024
-0.0718286206
-0.072196914
-0.0729554306
-0.0706408478
-0.0711970446
-0.0723012356
-0.0722657746
-0.0729932322
-0.0726860978
-0.072192008
-0.0720636466
-0.0719924042
-0.0725567844
-0.0736279222
-0.0723668952
-0.0702986252
-0.0713621058
-0.071021867
-0.0710823956
-0.070329702
-0.071827385
-0.0725228772
-0.0706926294
-0.0699766102
-0.0716902724
-0.0722507562
-0.072602474
-0.0722228928
-0.0726255782
-0.0719480672
-0.0711564654
-0.0724208758
-0.0730468134
-0.0709607334
-0.0725017982
-0.0734473414
-0.0722677506
-0.0720974284
-0.0707633744
-0.0729971862
-0.0709412778
-0.071755345
-0.0723911326
-0.0725864202
-0.0735064422
-0.0726386424
-0.070088495
-0.0716008224
-0.0727166798
-0.0701444912
-0.0710538276
-0.0715136794
-0.0709238972
-0.072051792
-0.0726352534
-0.071574243
-0.073665422
-0.0723077476
-0.0720499816
-0.0716625392
-0.0716621604
-0.072099013
-0.0721185716
-0.0719969126
-0.073707086
-0.0712991004
-0.071817941
-0.0727249802
-0.0723647518
-0.0722372398
-0.0724408156
-0.072831003
-0.0725276062
-0.0724156646
-0.072638325
-0.0713911686
-0.0742705342
-0.0723559976
-0.0733096758
-0.0728351906
-0.0721093108
-0.0715721166
-0.0734545404
-0.0746282496
-0.0738623952
-0.0744885462
-0.0729017646
-0.0723765654
-0.0717764086
-0.072542732
-0.0732882258
-0.0717558248
-0.0734007686
-0.0725100102
-0.07286732
-0.0744340836
-0.073925038
-0.0730011936
-0.0708372206
-0.0724480138
-0.0709513702
-0.0727191748
-0.072509853
-0.0730722202
-0.0728105904
-0.0720347
-0.0719435818
-0.071436562
-0.0715228388
-0.0726669522
-0.0729002924
-0.0724774784
-0.0730663112
-0.072833661
-0.0719369286
-0.0722620154
-0.0733344408
-0.0737601186
-0.0731499918
-0.0724699978
-0.0726659492
-0.07200337
-0.0734473034
-0.0724150648
-0.0736563904
-0.072741934
-0.0717217636
-0.0715331068
-0.0725858664
-0.072773057
-0.0723871648
-0.0727110212
-0.0720550776
-0.071541477
-0.0730783506
-0.07425134
-0.0725207932
-0.0731643334
-0.0719269868
-0.0727118036
-0.0720763318
-0.0722711002
-0.0721894422
-0.0726813938
-0.0709045058
-0.072325525
-0.0715941428
-0.0707854898
-0.0710250258
-0.0708137254
-0.0716783846
-0.0719911932
-0.0716497598
-0.072470445
-0.0720959754
-0.0724866164
-0.0712487672
-0.0720934916
-0.0720812706
-0.0715876352
-0.0724780182
-0.070704424
-0.071959317
-0.0708969642
-0.0703576792
-0.072192755
-0.0710266406
-0.0728460504
-0.0723799968
-0.0714953084
-0.0739950894
-0.071650392
-0.0725912142
-0.0737339916
-0.0730474834
-0.072560009
-0.0714628636
-0.0717367416
-0.0725086454
-0.0718505132
-0.0728242334
-0.071339805
-0.0725113028
-0.0715932106
-0.0729079128
-0.0723392688
-0.074010129
-0.0710027118
-0.0716227168
-0.0722235136
-0.07218476
-0.07299336
-0.073632746
-0.0734575196
-0.0719199314
-0.0715429774
-0.0728235926
-0.07261151
-0.0726846358
-0.0722500614
-0.0711565574
-0.0737053048
-0.0722176538
-0.0720820092
-0.0734251842
-0.070195258
-0.071912759
-0.0720732694
-0.0722976054
-0.0721723846
-0.072413307
-0.0717760838
-0.0712898068
-0.0718514994
-0.0732818208
-0.0712817912
-0.0730688626
-0.0724086232
-0.0707561686
-0.070602406
-0.070828349
-0.0720385822
-0.0719783698
-0.0724819246
-0.0731720292
-0.072894028
-0.0721238612
-0.0723729262
-0.070995516
-0.0723791828
-0.0720557244
-0.0717973088
-0.0733757746
-0.0735454802
-0.0720795394
-0.0731230744
-0.0723331194
-0.071448784
-0.0726527372
-0.0736497262
-0.0736502834
-0.0726940366
-0.0725245358
-0.0728087456
-0.0704824954
-0.0731909934
-0.0726082104
-0.0727620694
-0.072280797
-0.0725338492
-0.0723626548
-0.071244792
-0.0723786098
-0.0709023564
-0.0731688234
-0.0713775856
-0.0726190906
-0.0735122406
-0.0726743208
-0.0717140112
-0.0711207872
-0.0706148458
-0.0706972586
-0.071504487
-0.0708038608
-0.070074867
-0.0724424638
-0.071402635
-0.0714328348
-0.072337647
-0.072372691
-0.0717909418
-0.0729306196
-0.072328489
-0.0737393544
-0.0743258142
-0.0736279754
-0.0720249904
-0.0741814016
-0.0735285968
-0.074616139
-0.0729985992
-0.0730639794
-0.0720561514
-0.0734421038
-0.071550143
-0.0738626784
-0.0721711172
-0.0715835876
-0.072736079
-0.0732921112
-0.0727047898
-0.0727909748
-0.0716828346
-0.0720804026
-0.0729039542
-0.0722236182
-0.0720190128
-0.07250423
-0.0734875692
-0.0740516596
-0.0719406068
-0.0731465636
-0.0733320018
-0.0719507058
-0.0714904264
-0.0714096198
-0.0719984216
-0.0734094304
-0.0716115468
-0.0739107624
-0.0730714284
-0.073775584
-0.0733951234
-0.0726746874
-0.073027369
-0.0723531144
-0.072054929
-0.072102385
-0.072540309
-0.0721264612
-0.071455599
-0.072733509
-0.0710651006
-0.0722463226
-0.0713801722
-0.072425059
-0.071064247
-0.0723084426
-0.0748283952
-0.072712058
-0.071725885
-0.0727734962
-0.072627574
-0.071739298
-0.0721946646
-0.0718605364
-0.0725995822
-0.071991829
-0.0712954646
-0.0715386328
-0.0714611586
-0.071923741
-0.072257207
-0.0720548186
-0.070872213
-0.0718798914
-0.072087238
-0.0721300638
-0.0731864842
-0.071679842
-0.071576497
-0.07118431
-0.0709684442
-0.0729215298
-0.071028741
-0.0697377596
-0.0720309762
-0.0736899546
-0.0731217634
-0.0734073966
-0.0711499518
-0.0706076882
-0.0718540814
-0.070834884
-0.0720848558
-0.0727763758
-0.071160223
-0.0722714996
-0.0712133912
-0.0724673372
-0.072102404
-0.0721021972
-0.071885977
-0.0719964538
-0.0721594168
-0.0712084256
-0.0721360328
-0.0730002222
-0.0714948056
-0.0716046284
-0.0718409992
-0.0730279594
-0.071883353
-0.0737452442
-0.0733691942
-0.070190445
-0.0720296806
-0.0724030856
-0.073447054
-0.0717045036
-0.0720496562
-0.071438577
-0.071848831
-0.071852374
-0.072527205
-0.0732242438
-0.0734185366
-0.0729070974
-0.0724836994
-0.072779588
-0.0725158554
-0.0717588706
-0.0722623052
-0.0724039298
-0.0722259236
-0.072437423
-0.0735556788
-0.0723613158
-0.0725798734
-0.0714001912
-0.0702083478
-0.0718096274
-0.0709879102
-0.0728003128
-0.0713213018
-0.071314066
-0.0716972666
-0.0717078194
-0.0721415204
-0.0727353548
-0.072485089
-0.0733992472
-0.0719587076
-0.0713316302
-0.0716167484
-0.0716342606
-0.073417621
-0.0716117876
-0.0723842712
-0.0726463586
-0.0717621074
-0.0709752676
-0.072298929
-0.0723207188
-0.071837878
-0.071395839
-0.070792427
-0.0722975524
-0.070361432
-0.0716162566
-0.0703716476
-0.0721598682
-0.0725440002
-0.0718698998
-0.0719502188
-0.072608179
-0.072802154
-0.0721063504
-0.071822387
-0.0729178456
-0.0714518602
-0.073157599
-0.0711103216
-0.072178492
-0.073069427
-0.0726916618
-0.0728989854
-0.0716840524
-0.0728653254
-0.0709550646
-0.0710325106
-0.071653664
-0.071167094
-0.071512921
-0.0715948068
-0.0712608116
-0.071097401
-0.0711827358
-0.0721964916
-0.0709733362
-0.0709733362