-0.061482507
-0.06319134
-0.0619582364
-0.0607371522
-0.059209763
-0.0595979402
-0.060061814
-0.0602885844
-0.0614569646
-0.061747111
-0.0617725566
-0.059754132
-0.0608991024
-0.0611999504
-0.0614927434
-0.0606022186
-0.060852864
-0.061122761
-0.0617500776
-0.0621809644
-0.0600525084
-0.0603704268
-0.0610720928
-0.0611214134
-0.0599210252
-0.0599938336
-0.0608727262
-0.0613165926
-0.061857831
-0.0616526574
-0.0599840626
-0.0611752902
-0.0609747508
-0.062324787
-0.0627010898
-0.0606766648
-0.0613587402
-0.0632100484
-0.061617664
-0.0614833892
-0.0607576734
-0.0617004854
-0.0601364836
-0.0609920148
-0.0618543022
-0.0613754422
-0.06041588
-0.062083816
-0.0613163506
-0.0611594704
-0.0628269894
-0.06264479
-0.0619741046
-0.0615684886
-0.0621316438
-0.0610976354
-0.0628043354
-0.0608150788
-0.0629435348
-0.0632250828
-0.0625357376
-0.0621593378
-0.0628264758
-0.0612353124
-0.061002348
-0.0631429984
-0.0622418688
-0.0633465528
-0.0616181776
-0.0617770644
-0.0615722108
-0.0613907968
-0.0604558464
-0.0626903882
-0.0621158724
-0.0619752288
-0.0642124656
-0.0623491568
-0.0622488482
-0.0616846656
-0.062182874
-0.0609883894
-0.0608462046
-0.0603866152
-0.0612870078
-0.060797863
-0.0625040012
-0.0606320454
-0.0627272428
-0.0620990736
-0.0618550392
-0.061556808
-0.062708486
-0.0621614224
-0.0633112876
-0.0596793656
-0.061337017
-0.0612204716
-0.0616125458
-0.060896039
-0.0619615418
-0.0616262812
-0.0624124844
-0.0615573216
-0.0623941446
-0.0603277952
-0.0608230854
-0.0608761768
-0.0604563116
-0.0611674286
-0.060540849
-0.0598369048
-0.061822711
-0.0595091668
-0.06058574
-0.0592061376
-0.0585043264
-0.0621252266
-0.0581137744
-0.061290168
-0.0607849802
-0.0607287286
-0.0614878484
-0.0604585412
-0.0612129784
-0.0609070122
-0.061469799
-0.0620596694
-0.0621353662
-0.061674526
-0.0614109494
-0.0624383954
-0.06270425
-0.0626832636
-0.061367484
-0.0609266512
-0.0618850112
-0.0613904766
-0.0612371734
-0.0631732906
-0.061555829
-0.0608516914
-0.0603460382
-0.0610464536
-0.0610338908
-0.0608269342
-0.0623030932
-0.0628305666
-0.0623237596
-0.0610852178
-0.0608526704
-0.0631114556
-0.0608019538
-0.0611772964
-0.0604678954
-0.0613713514
-0.0620132856
-0.0622463766
-0.0615605786
-0.0595876554
-0.0617204928
-0.062577982
-0.0616595884
-0.0636292546
-0.0623157044
-0.062498146
-0.060861656
-0.0618203362
-0.0614604932
-0.060471521
-0.0628550036
-0.062034272
-0.0612397716
-0.0624885982
-0.0614173666
-0.0619141308
-0.060414901
-0.060670054
-0.0615884476
-0.0640046268
-0.0600924264
-0.0610930792
-0.063458542
-0.0626737346
-0.0611930194
-0.0624895772
-0.0611277822
-0.0617329588
-0.0600119798
-0.0619216722
-0.0623812618
-0.0603962894
-0.0617545368
-0.0613857754
-0.0614090882
-0.0616987694
-0.0619513056
-0.0612748618
-0.0616108782
-0.0611994368
-0.0613746084
-0.0631012676
-0.0617074646
-0.061651068
-0.0620619958
-0.0616330184
-0.061295141
-0.0613862892
-0.0628026492
-0.060664664
-0.0614699442
-0.06066638
-0.06317236
-0.0612892374
-0.0615861212
-0.0611011344
-0.060751431
-0.0619829452
-0.063752731
-0.0623111968
-0.061884546
-0.0631128998
-0.0610312926
-0.0616543734
-0.0610181678
-0.0614263524
-0.0613295724
-0.0617946
-0.062151186
-0.0622309438
-0.0601746372
-0.0598920806
-0.0620164942
-0.060832488
-0.0617701334
-0.0620182586
-0.0614067134
-0.0618624354
-0.0613551632
-0.0637472442
-0.0614364918
-0.06273366
-0.0611759006
-0.0608252666
-0.0627870714
-0.0606402754
-0.0623592184
-0.061004626
-0.062183853
-0.0601244828
-0.0608722608
-0.0610535782
-0.0610882328
-0.0626246858
-0.0613915524
-0.0619970006
-0.0610873506
-0.0611985546
-0.0602274864
-0.0602521952
-0.06024382
-0.0611784988
-0.060618407
-0.0619028672
-0.0609214846
-0.0614578952
-0.0608459814
-0.0610713076
-0.0617310492
-0.061226055
-0.0617352852
-0.060928464
-0.0616108298
-0.0605395498
-0.0615367522
-0.0616218516
-0.0610948436
-0.061130816
-0.0611151712
-0.0589835548
-0.0605445712
-0.0602430346
-0.0598831434
-0.061999085
-0.0631936664
-0.0623119822
-0.0622570782
-0.0619157686
-0.0611889286
-0.062675819
-0.0614071786
-0.060630456
-0.0624746396
-0.062296356
-0.0629819304
-0.06207419
-0.0626759642
-0.0609757298
-0.0604282976
-0.0614019638
-0.0615265642
-0.0604795276
-0.0599213938
-0.060509161
-0.0621937022
-0.060050085
-0.059918777
-0.0607100688
-0.0596783866
-0.0598990116
-0.0600055142
-0.0616925754
-0.0599715482
-0.0606338098
-0.06167852
-0.0623154328
-0.0615344742
-0.060575794
-0.0601103306
-0.0616344144
-0.0608040086
-0.0618463924
-0.0628700192
-0.0614494716
-0.061024265
-0.060888546
-0.0616656854
-0.061982063
-0.0616781514
-0.061920965
-0.0613689282
-0.061158685
-0.0620913574
-0.0610811754
-0.0614326728
-0.0618970604
-0.0603466488
-0.0609289776
-0.0610251956
-0.0609718138
-0.0620873634
-0.061542384
-0.0622079028
-0.0628861294
-0.060699784
-0.059205527
-0.0622368474
-0.0614891662
-0.0605183698
-0.0600484176
-0.0611139688
-0.0605454534
-0.0612729524
-0.0604423046
-0.0602509446
-0.0598977124
-0.0613952748
-0.0611907414
-0.0613929
-0.060043571
-0.0611116424
-0.0607814812
-0.0604124294
-0.0623010088
-0.0612860772
-0.0605226542
-0.0594226716
-0.062226049
-0.0594014136
-0.0620557238
-0.0622330768
-0.0613571696
-0.061362511
-0.0623860598
-0.0609365674
-0.0603283088
-0.0639675974
-0.0604331924
-0.0606453936
-0.0607735228
-0.0621949714
-0.0620855022
-0.0615432178
-0.0614029426
-0.0616554008
-0.0604056436
-0.060415705
-0.06184267
-0.0620164942
-0.0618986498
-0.0637927458
-0.0601762564
-0.0622271732
-0.0617882796
-0.061138726
-0.0611436022
-0.061634366
-0.061956152
-0.0617734388
-0.0611511436
-0.061264015
-0.0609219498
-0.0618751918
-0.0604200676
-0.0607559872
-0.0618640732
-0.06054271
-0.0612185136
-0.0609049278
-0.060526987
-0.0609154358
-0.0604368664
-0.0599853616
-0.0607204316
-0.06082801
-0.061328128
-0.0600613004
-0.0618337812
-0.0624731952
-0.0609644364
-0.0602281938
-0.0606840126
-0.062903762
-0.0621503522
-0.06189138
-0.0622174802
-0.060127081
-0.0613629278
-0.0625509468
-0.0608384884
-0.0608383916
-0.0608350378
-0.061582961
-0.0608408928
-0.0611391428
-0.0597879528
-0.0621711934
-0.0602736952
-0.0606951312
-0.0606647906
-0.0612492226
-0.0597839104
-0.0600208204
-0.0601473788
-0.0604851596
-0.0617223054
-0.0624055052
-0.0615661138
-0.05992879
-0.0627848902
-0.060788092
-0.0607642654
-0.0615987324
-0.0625818012
-0.062171707
-0.0626212538
-0.0609727148
-0.0607253748
-0.0605064176
-0.060886588
-0.060824016
-0.0617843638
-0.0614835828
-0.0610590648
-0.0605964416
-0.0602811398
-0.0607360764
-0.0605209384
-0.0611389492
-0.0607320826
-0.0623514834
-0.0607935302
-0.0610804196
-0.061268251
-0.0616269698
-0.0604023866
-0.0605491758
-0.060988903
-0.0599465678
-0.0594041568
-0.0595625298
-0.0601925414
-0.060146623
-0.0595277784
-0.0609136232
-0.061270946
-0.0596273018
-0.061099865
-0.0605744466
-0.0604604992
-0.0601998596
-0.061843969
-0.062212042
-0.0608555104
-0.0591386708
-0.0609715422
-0.0605985448
-0.05987217
-0.060940193
-0.0629604304
-0.0605110704
-0.061714764
-0.0617241666
-0.06126132
-0.0611038292
-0.0602671812
-0.0608703512
-0.0600327726
-0.062571546
-0.0617009022
-0.0631483102
-0.0632231732
-0.0615249934
-0.061929999
-0.061419693
-0.0594124352
-0.0616943882
-0.0591284828
-0.0614550066
-0.0609576804
-0.0617231876
-0.060936519
-0.061934235
-0.0611101498
-0.0623814554
-0.0619433956
-0.0600807942
-0.0617827446
-0.0605771414
-0.0604222004
-0.060976854
-0.0615066052
-0.0605847312
-0.0616875056
-0.061757619
-0.0611363994
-0.0594352344
-0.0615225702
-0.0612812308
-0.0595745306
-0.0586853532
-0.0603447392
-0.059761945
-0.0603130996
-0.0589737838
-0.0595858426
-0.0601319758
-0.0623547888
-0.0615517866
-0.059972624
-0.0597834934
-0.0610130012
-0.0613403224
-0.0602703898
-0.0607796684
-0.0612327922
-0.0625807254
-0.0606942974
-0.0594568312
-0.060646838
-0.062076565
-0.060491722
-0.060764459
-0.0598135436
-0.0597219302
-0.061627435
-0.0608938578
-0.061281134
-0.0590230076
-0.0609081364
-0.059099635
-0.059534244
-0.0605382024
-0.060511022
-0.0595188896
-0.0601477956
-0.0603145438
-0.0585652792
-0.0606922426
-0.0598789558
-0.0605667598
-0.0598173144
-0.0599196294
-0.0595951
-0.061871663
-0.061188415
-0.060783856
-0.0604356938
-0.0585832318
-0.0623540034
-0.0601062398
-0.059727562
-0.0608369474
-0.0605830934
-0.0598621272
-0.0599548462
-0.0590327302
-0.0587920012
-0.0586799634
-0.0611628242
-0.0595743556
-0.0616799158
-0.0618877546
-0.060431428
-0.0601713802
-0.0613297472
-0.0599883954
-0.0608514196
-0.0611353722
-0.0613451986
-0.062067676
-0.0610561762
-0.0611692898
-0.0593142594
-0.0623447944
-0.0605385224
-0.0616871372
-0.0604404434
-0.058354697
-0.06088683
-0.0597331456
-0.0609327
-0.061914693
-0.0605926412
-0.0603853644
-0.0616928174
-0.0601987838
-0.062081121
-0.0606626094
-0.0598622538
-0.0598456002
-0.061242515
-0.0605483904
-0.0599361862
-0.0610712592
-0.0605395982
-0.0605125148
-0.0590224938
-0.059104753
-0.0617423128
-0.0606694918
-0.0597703686
-0.0609957372
-0.059316731
-0.0605236816
-0.0607448686
-0.0605966352
-0.0592288884
-0.0600571612
-0.06044561
-0.0619584784
-0.061403233
-0.0616521438
-0.0622298198
-0.0595255488
-0.0606965754
-0.0614958068
-0.0617752032
-0.0612914186
-0.0601723592
-0.0613471564
-0.0605088408
-0.059971645
-0.0595578286
-0.0613913104
-0.0608697892
-0.0598209398
-0.0601398858
-0.0593358078
-0.060984105
-0.0579845694
-0.0595964476
-0.0596349212
-0.0611747764
-0.0591991582
-0.0618114472
-0.060540849
-0.0607723206
-0.0602258674
-0.0599559516
-0.0608502174
-0.0601249482
-0.0614787364
-0.0612683478
-0.0616581924
-0.0616652202
-0.0587179234
-0.0609009636
-0.0620220294
-0.0610206394
-0.0619160404
-0.0589627432
-0.0608039602
-0.0628930604
-0.0610574754
-0.0605552244
-0.0612950442
-0.060277466
-0.0602963976
-0.0607170964
-0.0615165214
-0.060223444
-0.060428908
-0.060428908