-0.053003391
-0.0556968292
-0.0543252768
-0.0552686428
-0.0541198854
-0.0537163764
-0.0555014388
-0.055562804
-0.054033844
-0.0548955696
-0.0543153602
-0.055714535
-0.0544158502
-0.0554863042
-0.0538048684
-0.0526580586
-0.0545258634
-0.0552957216
-0.05477299
-0.0547983012
-0.056332259
-0.0536789074
-0.055198545
-0.0559215568
-0.055433251
-0.055366508
-0.0548788336
-0.055475287
-0.0531176122
-0.05326573
-0.0536188152
-0.0549613402
-0.0544718452
-0.0537696518
-0.0543220296
-0.0542119968
-0.05451479
-0.0550412348
-0.055726696
-0.0541784208
-0.0538351106
-0.055086005
-0.0538823154
-0.0534638276
-0.0537219116
-0.0544565192
-0.055519711
-0.0562940126
-0.0549879392
-0.05685268
-0.0556293954
-0.0555837698
-0.0544493998
-0.0554383828
-0.0535806744
-0.0555331944
-0.055869256
-0.0560314308
-0.056005421
-0.0561588916
-0.0555608366
-0.0548314648
-0.0552289078
-0.0570373666
-0.056450962
-0.0564739062
-0.0551136282
-0.055183674
-0.0569134256
-0.0559509086
-0.0583853278
-0.0555611824
-0.0549906632
-0.0557451136
-0.0551587846
-0.0561003604
-0.0549455522
-0.0550460414
-0.0537592436
-0.0546520998
-0.055095026
-0.0552176798
-0.0555526422
-0.0548552138
-0.0555509406
-0.055335243
-0.0537423748
-0.0550440686
-0.0562937492
-0.0555610552
-0.0566445206
-0.0567334338
-0.0558549354
-0.0545340086
-0.0552782318
-0.0545801226
-0.0547224352
-0.0557522346
-0.054157734
-0.0547500178
-0.0548652456
-0.0553076884
-0.0549950654
-0.0552797646
-0.055651348
-0.0562888064
-0.0556899698
-0.055447121
-0.0566357618
-0.0557868026
-0.0583973508
-0.0546900268
-0.0557508474
-0.055598354
-0.0562586804
-0.0557757632
-0.0549691492
-0.0542771444
-0.0558488796
-0.0569884734
-0.0570907412
-0.055702902
-0.055687388
-0.0555996494
-0.056112772
-0.057270568
-0.0556097724
-0.0568314488
-0.0557225402
-0.0555558404
-0.0562961968
-0.0564155604
-0.0553604796
-0.0549885916
-0.055841755
-0.054961652
-0.0560499998
-0.055479437
-0.0561201446
-0.053932569
-0.054732197
-0.0549910922
-0.0568441348
-0.0551531532
-0.0557020302
-0.0545185552
-0.0552033862
-0.0535109424
-0.0564204716
-0.0559070544
-0.0554158202
-0.0555748718
-0.0557507092
-0.0557295778
-0.0555355796
-0.0561259776
-0.0559375198
-0.05545061
-0.055397486
-0.0559991636
-0.056294052
-0.054800643
-0.056430055
-0.054928061
-0.0552603444
-0.0551078462
-0.0559839474
-0.055792421
-0.0554885072
-0.0562163436
-0.054269366
-0.0564266098
-0.0559483162
-0.0551314344
-0.0541523124
-0.055743159
-0.0551388138
-0.0552232728
-0.055520102
-0.0555161714
-0.0550045742
-0.0554800298
-0.0571788424
-0.0562202146
-0.0555029568
-0.056737733
-0.054575123
-0.0552654664
-0.0556738516
-0.0546985082
-0.0564106876
-0.0559789794
-0.0552207312
-0.0546707542
-0.058272269
-0.0563269472
-0.0550065228
-0.0560310234
-0.0552831848
-0.056353463
-0.0559177696
-0.0564417984
-0.0564712168
-0.0568454208
-0.0564302538
-0.0571189078
-0.05621439
-0.057783358
-0.0569878276
-0.056030504
-0.0566851742
-0.0555322998
-0.0551916514
-0.0554502278
-0.0573561708
-0.055388252
-0.0560642528
-0.0558233476
-0.0566612934
-0.0559106622
-0.053725964
-0.0569130694
-0.0577369598
-0.0559141656
-0.0561699138
-0.056228398
-0.0566385762
-0.0565406664
-0.0591295766
-0.0565746204
-0.0562577162
-0.0566804486
-0.0565315634
-0.0563669822
-0.0543753266
-0.056626135
-0.0570606808
-0.056878092
-0.056982201
-0.0571704696
-0.0571993876
-0.058234821
-0.0563490048
-0.0573173712
-0.0582524136
-0.057502883
-0.0569617298
-0.056694102
-0.0550222086
-0.0567921468
-0.0567940566
-0.0570700904
-0.056038676
-0.0563081308
-0.0555866558
-0.055429125
-0.0565480274
-0.057498312
-0.0548370528
-0.0567248092
-0.056736913
-0.0574677148
-0.0563037524
-0.0562087614
-0.0561453518
-0.0547308728
-0.0566159072
-0.0558884038
-0.0562504536
-0.0552049918
-0.0568123704
-0.0572862818
-0.0580096622
-0.0559637698
-0.0554670482
-0.0573279438
-0.0552459944
-0.0551311734
-0.0554145972
-0.057081832
-0.0551402216
-0.0550828542
-0.0550770268
-0.0558660458
-0.0557230206
-0.0567403016
-0.056208809
-0.0543880142
-0.0556885432
-0.0548762426
-0.0532196058
-0.055442572
-0.0544305362
-0.0553306326
-0.0559830462
-0.0553595824
-0.0560391742
-0.0562608824
-0.0562223706
-0.0564667616
-0.0553882162
-0.055867132
-0.0570673306
-0.0566677802
-0.0571621884
-0.0553265794
-0.0564104758
-0.056241454
-0.0550774848
-0.0568580156
-0.0548738452
-0.0568631446
-0.057090849
-0.0577371738
-0.0549949032
-0.0554316974
-0.0568916078
-0.0562132116
-0.0564367784
-0.056879015
-0.0565319414
-0.0572604884
-0.0571384954
-0.0564235792
-0.0569115286
-0.0567883618
-0.0556559148
-0.057122503
-0.0555093426
-0.0566378534
-0.057550381
-0.0579441288
-0.0564408874
-0.0565524094
-0.055388717
-0.0556946986
-0.0554917884
-0.0568721106
-0.055584238
-0.0567712886
-0.054849261
-0.0549273266
-0.056346985
-0.0549628392
-0.0564860542
-0.0563946874
-0.0548336356
-0.0557060302
-0.0560224014
-0.0564520412
-0.0558637178
-0.056616677
-0.0553152454
-0.0567342948
-0.054933178
-0.0579474374
-0.05581815
-0.0563846446
-0.0564429288
-0.057062655
-0.0575600834
-0.056944052
-0.057008867
-0.0556491236
-0.0560902052
-0.0557214872
-0.0562067272
-0.0545501948
-0.056741043
-0.0566588206
-0.056297924
-0.0558799056
-0.055797706
-0.0565602158
-0.0566500474
-0.05708106
-0.0558202368
-0.0552467646
-0.0554538642
-0.054959586
-0.0578510472
-0.0567408446
-0.0565327398
-0.0562963374
-0.0556982738
-0.0549717786
-0.0562061462
-0.057611723
-0.0578869734
-0.057053462
-0.0570933194
-0.0564332764
-0.0557064962
-0.0577473792
-0.057393611
-0.0575262352
-0.058487372
-0.0561292132
-0.057672492
-0.0566526264
-0.0563899302
-0.0570248338
-0.0578189478
-0.0563755112
-0.0550496002
-0.0558888842
-0.0571057132
-0.0570233382
-0.0552242074
-0.0558781062
-0.0554405666
-0.0563432058
-0.0561999296
-0.0572089722
-0.0562389278
-0.0559432214
-0.0554779252
-0.0564334702
-0.0557128404
-0.0566565594
-0.0567467954
-0.0559961834
-0.0555867982
-0.0559786418
-0.0559384526
-0.0574951786
-0.055581332
-0.0562237912
-0.0561601286
-0.0558602228
-0.0560752634
-0.0561319906
-0.0573065982
-0.0566164222
-0.0540724626
-0.0567955774
-0.054797873
-0.054829274
-0.0552221364
-0.0575277236
-0.0553522936
-0.0563034998
-0.0562854466
-0.0566260814
-0.0561477522
-0.0550668934
-0.0552124514
-0.0556865534
-0.056477933
-0.057223792
-0.0557295238
-0.0547392606
-0.0549853126
-0.0545096432
-0.0569355642
-0.0571246802
-0.0561954266
-0.0561017676
-0.0560382214
-0.0562201602
-0.0567373952
-0.0569969618
-0.05595831
-0.0565070002
-0.0557514666
-0.0556627846
-0.0572121584
-0.0560187758
-0.0561404468
-0.0549433726
-0.0552204166
-0.055248419
-0.0580881198
-0.0563828512
-0.0551836876
-0.0560423976
-0.057363781
-0.0554044158
-0.0563751188
-0.055104708
-0.0559757478
-0.0556696362
-0.0566413136
-0.0550267686
-0.0571261004
-0.0578421674
-0.0559433674
-0.0553940566
-0.0562396672
-0.0553565146
-0.057226781
-0.0546077694
-0.0558680884
-0.0556833814
-0.0566435764
-0.054286891
-0.0554013816
-0.0569495138
-0.0552048604
-0.0555114686
-0.0549423006
-0.0548905218
-0.0553568132
-0.0549215868
-0.0573224556
-0.055463184
-0.0559486818
-0.0537150162
-0.0560173128
-0.0550176726
-0.0542130778
-0.054522006
-0.0560847552
-0.055748858
-0.0559047512
-0.0564519242
-0.054630463
-0.0555921208
-0.0552122086
-0.0560419106
-0.0558457848
-0.0547032086
-0.0559064542
-0.0545757758
-0.0546176186
-0.0560348708
-0.0555386934
-0.0560630564
-0.0535992924
-0.0556279006
-0.0552088114
-0.0549113166
-0.0554774228
-0.0568384894
-0.0564191404
-0.0559030214
-0.0556430642
-0.0548837866
-0.0545909808
-0.055982028
-0.056387346
-0.057038368
-0.0556332586
-0.053828627
-0.056591419
-0.0554311888
-0.054632809
-0.0550395746
-0.0555435756
-0.0552679158
-0.055567043
-0.0553899078
-0.0564444656
-0.0555304748
-0.0558257428
-0.0550261164
-0.0555764792
-0.0572791102
-0.0550891188
-0.0540956122
-0.0551248866
-0.0562937952
-0.054761719
-0.0555791998
-0.0550936742
-0.0559362916
-0.056965331
-0.0570662334
-0.0550214334
-0.0559749286
-0.0566695172
-0.055815073
-0.0566329102
-0.0561236964
-0.0566614504
-0.0561466634
-0.0561631404
-0.0563280102
-0.0545993546
-0.0558066208
-0.0546624428
-0.0555927148
-0.0543862724
-0.055616405
-0.0540475256
-0.0565537262
-0.0557382558
-0.0564106918
-0.0553567942
-0.0567958068
-0.0560959236
-0.0550762002
-0.0551003032
-0.055581969
-0.0546572164
-0.0558303442
-0.0558911338
-0.0555761074
-0.0555348554
-0.0547669496
-0.0555794536
-0.056509525
-0.0557008354
-0.0549194072
-0.0546961492
-0.0566779204
-0.055424847
-0.0554164944
-0.057123652
-0.055579321
-0.0554307218
-0.0554918292
-0.0549197048
-0.0563827444
-0.0557503358
-0.0548850972
-0.0556659684
-0.0564375398
-0.0554070652
-0.0564191864
-0.0550355018
-0.056069954
-0.0569289538
-0.0550925252
-0.056222681
-0.0552577374
-0.0551421886
-0.0558368398
-0.0540906146
-0.0563093232
-0.0549540008
-0.0529805334
-0.055563238
-0.0552782344
-0.0556809972
-0.0556857032
-0.0543826404
-0.0549133028
-0.0562190624
-0.0557867466
-0.0552399596
-0.056010887
-0.0546026032
-0.0563158244
-0.0560430988
-0.056842879
-0.0532070244
-0.0551155114
-0.0562188164
-0.0569394696
-0.054790322
-0.0563782294
-0.056644426
-0.0570188856
-0.0554001306
-0.0550547358
-0.0545974932
-0.055812803
-0.055632555
-0.0559168512
-0.054410619
-0.0542373438
-0.0556703704
-0.0554647638
-0.0552686422
-0.0568288692
-0.055866391
-0.0564338756
-0.0555856032
-0.0561990872
-0.056521677
-0.0554841326
-0.0559439986
-0.05435337
-0.0548692978
-0.0569449126
-0.0559133702
-0.0540492388
-0.0541170646
-0.0553846968
-0.0551698986
-0.0545276266
-0.055641328
-0.0550135886
-0.054745944
-0.0568126028
-0.0561058602
-0.0550658688
-0.0554048626
-0.0556972496
-0.0551627818
-0.0559162232
-0.0560003326
-0.055919309
-0.0561128702
-0.0560434488
-0.0568252904
-0.0548588714
-0.0554052106
-0.055058502
-0.054816369
-0.0541657346
-0.0571898238
-0.054706104
-0.0545396078
-0.0554048428
-0.0558037214
-0.0556119258
-0.0540019752
-0.0547653304
-0.0552304352
-0.0550535364
-0.0554473838
-0.055698892
-0.0559001622
-0.0562842148
-0.0562695282
-0.0570891828
-0.0571737046
-0.0557068404
-0.056853784
-0.0553069952
-0.0562963542
-0.0559420472
-0.0563782248
-0.05531854
-0.055152834
-0.0555022932
-0.0555355138
-0.0540584438
-0.0542476178
-0.054248917
-0.0547511584
-0.0562203852
-0.0545170806
-0.0559715068
-0.0561731964
-0.0552900786
-0.0550270292
-0.0555834612
-0.0550484842
-0.0546122416
-0.0530143294
-0.054782285
-0.0541740894
-0.0538918152
-0.0552206948
-0.0556479192
-0.0560178072
-0.054161421
-0.0551019098
-0.0554159498
-0.0541569718
-0.0558030322
-0.0554303468
-0.0544310076
-0.0540609622
-0.0543890704
-0.053862765
-0.0559804634
-0.0536710268
-0.0544670224
-0.0555806026
-0.0557185788
-0.0539842012
-0.0534581916
-0.055736954
-0.0547381458
-0.055386041
-0.056741029
-0.0550957742
-0.0550124192
-0.0551926456
-0.055629571
-0.0552596956
-0.054789625
-0.0543759676
-0.0538087864
-0.05560044
-0.0557775756
-0.0541545206
-0.0542369488
-0.0543274074
-0.0544727586
-0.0550751172
-0.0548309742
-0.0536937824
-0.054173842
-0.054300406
-0.0536331404
-0.0565049312
-0.0555992272
-0.0548851442
-0.0551321654
-0.0547322386
-0.055531861
-0.0566774372
-0.0562453926
-0.0554589322
-0.0555840338
-0.0559538622
-0.0559697278
-0.0553578262
-0.0559326908
-0.0550716656
-0.0563829396
-0.0549839248
-0.0552810832
-0.0546241192
-0.0551974608
-0.0559089852
-0.054598502
-0.0559627234
-0.0540900554
-0.0555123912
-0.0558367564
-0.0548602984
-0.055733167
-0.0541451486
-0.0540331424
-0.0559178376
-0.055890781
-0.0563455136
-0.0567761492
-0.0551577618
-0.0564873878
-0.055419645
-0.0553432166
-0.0542829844
-0.056434731
-0.0545402624
-0.0550994138
-0.0559430612
-0.054017984
-0.0562627698
-0.0558133882
-0.0562585046
-0.0559990094
-0.0553978856
-0.0561131288
-0.054620675
-0.0574530846
-0.0576002782
-0.0569045266
-0.0571683254
-0.0547186648
-0.0569699738
-0.057152933
-0.0566385612
-0.0559151644
-0.056404909
-0.0559236046
-0.0560578304
-0.0563508802
-0.0559963128
-0.0541914618
-0.0551646842
-0.0549547928
-0.0565606586
-0.0553437194
-0.0543350242
-0.0535194048
-0.0560500552
-0.0553565482
-0.0550381958
-0.0562409792
-0.054623357
-0.0546814782
-0.0551309942
-0.0551544256
-0.054259183
-0.0552524052
-0.0544581906
-0.0560160184
-0.0526177354
-0.0542179386
-0.0543202662
-0.054724447
-0.0563065722
-0.05646274
-0.0554023276
-0.054270141
-0.0556611578
-0.0555598362
-0.055367378
-0.0546084442
-0.0554391424
-0.0551578764
-0.0547182728
-0.0557218758
-0.0551931452
-0.0571853544
-0.0546472652
-0.055633493
-0.0556684868
-0.0544919562
-0.056182223
-0.0557217864
-0.0551022558
-0.056126918
-0.0564730602
-0.0554248528
-0.0558900066
-0.057907769
-0.0562637426
-0.054480502
-0.0568268178
-0.056016079
-0.0561569918
-0.0578545664
-0.0564007692
-0.0581859096
-0.056514189
-0.0559396772
-0.0559188752
-0.0558555904
-0.0559829708
-0.0556003524
-0.055492784
-0.0551254624
-0.0560134092
-0.0554365136
-0.054556745
-0.055300087
-0.0570767012
-0.0553464662
-0.0554535426
-0.0542725508
-0.05426252
-0.0552599782
-0.0553653124
-0.0571478868
-0.0554157684
-0.0540755546
-0.0550259924
-0.0569224992
-0.0565798836
-0.0581756306
-0.0541090836
-0.056984593
-0.0548093356
-0.0558899182
-0.0536025768
-0.0560924324
-0.0553905816
-0.0550822662
-0.055305695
-0.0542105702
-0.0552341068
-0.0547506874
-0.055299097
-0.0556257246
-0.0543225278
-0.0558698202
-0.0554255988
-0.054274496
-0.0548480038
-0.054708436
-0.056399658
-0.0557424
-0.056307322
-0.0550738146
-0.0554831796
-0.0542688502
-0.053882324
-0.0548697212
-0.0555982902
-0.055411958
-0.055370762
-0.0556844618
-0.0560011484
-0.055346264
-0.055408223
-0.0540976522
-0.0559284046
-0.0556495766
-0.056684978
-0.0567246684
-0.0545676256
-0.0543296906
-0.0570738142
-0.055897882
-0.056127689
-0.0558273504
-0.0572455988
-0.0549922016
-0.0564665828
-0.0573292032
-0.0560444286
-0.0558268332
-0.0566663894
-0.0556660274
-0.0552088628
-0.055013845
-0.0563121664
-0.0550820668
-0.0563470358
-0.057452732
-0.0562061746
-0.0549849568
-0.0558244052
-0.0560681588
-0.0569797994
-0.05479301
-0.0555047208
-0.0556466248
-0.054242814
-0.0559228562
-0.055279418
-0.0556755704
-0.0570274942
-0.0537639076
-0.056359439
-0.0554380482
-0.0557696168
-0.0541215674
-0.0548171218
-0.0551419934
-0.0556654638
-0.0566249064
-0.0563536512
-0.0561945392
-0.0549238404
-0.0539909978
-0.0560363714
-0.0539529652
-0.0536042816
-0.0539878388
-0.0538906708
-0.0572010616
-0.0541249734
-0.0550857296
-0.054453327
-0.0529296726
-0.053221054
-0.0556755498
-0.0540272118
-0.0540272118