-0.0647713364
-0.0646874096
-0.0655702182
-0.0647308266
-0.0645188004
-0.0641354698
-0.0650875874
-0.0650579542
-0.064481432
-0.0643040306
-0.063769578
-0.0639908134
-0.0635247582
-0.063461237
-0.066265467
-0.0653223646
-0.063764043
-0.0646958816
-0.064727376
-0.0646325056
-0.0637325002
-0.064123644
-0.0631183382
-0.0626995004
-0.0654040134
-0.064477438
-0.0668305318
-0.0649705284
-0.0641204354
-0.0656538248
-0.063679971
-0.064096192
-0.0650024396
-0.06361106
-0.0654134158
-0.063907992
-0.0656532628
-0.064277606
-0.0641221028
-0.0646286568
-0.0653757276
-0.0646344636
-0.06564893
-0.0648771022
-0.0655292244
-0.0642067854
-0.065250807
-0.0646399502
-0.063306858
-0.064631255
-0.0650438504
-0.0639339998
-0.0649018592
-0.0639135272
-0.0644677154
-0.0652023202
-0.0666159072
-0.0637175626
-0.064687458
-0.0648932904
-0.0625648572
-0.0638606294
-0.0626225528
-0.063410394
-0.0643480878
-0.0636013856
-0.062665553
-0.0625950524
-0.0647164808
-0.0642935524
-0.063369352
-0.0633805188
-0.0641946878
-0.0639822446
-0.0646157552
-0.0645253628
-0.0651362492
-0.0644580896
-0.0638638864
-0.0627170064
-0.0654535572
-0.0631109902
-0.0631416994
-0.0642637442
-0.0645116274
-0.0651067126
-0.06497048
-0.0625903028
-0.0648733798
-0.0652170158
-0.0654207154
-0.0643545052
-0.064056419
-0.063251634
-0.0628622546
-0.064897478
-0.0642316876
-0.064103443
-0.0633660948
-0.0640270092
-0.06582383
-0.0651344848
-0.064549044
-0.064071997
-0.0621703112
-0.0652130702
-0.0647224032
-0.063743522
-0.0642946764
-0.0635507176
-0.0650648368
-0.065107498
-0.0654481674
-0.065149791
-0.063434027
-0.0647014168
-0.063994439
-0.0635237308
-0.0644355622
-0.0642106528
-0.0632347086
-0.0625425232
-0.063956382
-0.063761028
-0.063385637
-0.0656299984
-0.0650796776
-0.0640477534
-0.0636874156
-0.0635539262
-0.0649502008
-0.0645192172
-0.0643086836
-0.0633542394
-0.0628970544
-0.0637142572
-0.0630712174
-0.0620973092
-0.0634298394
-0.0645049384
-0.0629737786
-0.0641038302
-0.0642885794
-0.0635325714
-0.0650122592
-0.062624414
-0.0641751942
-0.0638322468
-0.0639252562
-0.0632268472
-0.0644523124
-0.066152625
-0.0648300112
-0.0629664792
-0.0637321318
-0.0637075012
-0.0641525886
-0.0642642578
-0.064407228
-0.0639898828
-0.0636481378
-0.0651731038
-0.0624589166
-0.0649631806
-0.064478592
-0.0634858974
-0.06438913
-0.0643500458
-0.065496092
-0.0638457886
-0.064179847
-0.0644772928
-0.0647347722
-0.0637187648
-0.0651783672
-0.065858533
-0.0655456062
-0.06552494
-0.0638368998
-0.063265224
-0.06433251
-0.064537732
-0.064664242
-0.0635603434
-0.0650700032
-0.0638821296
-0.0638875194
-0.0633044536
-0.0631754234
-0.062885102
-0.0629095688
-0.0646726172
-0.0636979236
-0.0638853382
-0.0648632888
-0.063623526
-0.0636151508
-0.064636228
-0.0639340482
-0.0647652878
-0.063950847
-0.0641316506
-0.063502134
-0.0648473722
-0.0629906258
-0.0630826078
-0.0627934402
-0.0639825834
-0.0651471928
-0.0648524418
-0.0641580752
-0.0620091948
-0.0634112762
-0.0617874942
-0.0626357558
-0.0623104114
-0.0627577582
-0.0630204526
-0.0653005444
-0.0630708786
-0.0621281152
-0.063147428
-0.0628813798
-0.0637806966
-0.0634623612
-0.062725188
-0.0626747136
-0.0628378846
-0.062881845
-0.0619719718
-0.0615080494
-0.0626945274
-0.0631760822
-0.0630246886
-0.063618136
-0.0613011898
-0.06278744
-0.0637193754
-0.0627007698
-0.0640684198
-0.061679819
-0.0636376298
-0.0638814706
-0.0611584914
-0.0623180794
-0.0616707552
-0.0633089128
-0.0633750322
-0.0631766444
-0.0623737204
-0.0636245532
-0.063595337
-0.0631727284
-0.0655783514
-0.0651358806
-0.0632490842
-0.0632815092
-0.0644237846
-0.0637796692
-0.064343997
-0.0633640104
-0.0660403156
-0.0641111296
-0.0647376608
-0.0626694986
-0.063914186
-0.0650346898
-0.0653061762
-0.063447472
-0.0648412266
-0.0659237218
-0.0639853752
-0.0648157324
-0.0652935166
-0.064152075
-0.0650624618
-0.0636213446
-0.065275322
-0.064114193
-0.063180173
-0.0638610948
-0.0644503546
-0.0629243612
-0.0635399676
-0.0634117416
-0.0645485788
-0.0651009356
-0.0638440726
-0.0644155546
-0.0622112082
-0.0621303448
-0.0637060272
-0.0651255178
-0.0638637412
-0.0645071198
-0.0636769856
-0.063661311
-0.064707417
-0.063614637
-0.0632641484
-0.062774557
-0.0642612242
-0.0643146838
-0.0612723902
-0.0639260416
-0.0632565772
-0.0638508584
-0.06356551
-0.0634725976
-0.0646016998
-0.0632067914
-0.0638060938
-0.0654452788
-0.0644747432
-0.0644094092
-0.0645839892
-0.062836712
-0.062215299
-0.062799169
-0.063139693
-0.0646697288
-0.0625504816
-0.062815871
-0.0654153738
-0.0639609382
-0.0627646408
-0.0628524834
-0.0643716426
-0.062796794
-0.061738959
-0.0620437528
-0.0617594318
-0.0634767852
-0.0633252462
-0.0655691424
-0.0632483768
-0.064136992
-0.064169339
-0.0629372628
-0.0638211768
-0.0629252622
-0.062839087
-0.062892692
-0.0637216534
-0.0630041192
-0.063279328
-0.0637573838
-0.063733654
-0.0622808562
-0.063507349
-0.0648365252
-0.0645144192
-0.0636736318
-0.06384226
-0.0630461216
-0.0640460376
-0.0643518586
-0.0649634038
-0.0634897648
-0.06470132
-0.064678986
-0.0645791426
-0.0636677284
-0.0651637012
-0.0636635408
-0.0642448422
-0.061752821
-0.0638397398
-0.0640591624
-0.0643245518
-0.0653464628
-0.0647874466
-0.0631464974
-0.0637917184
-0.063873706
-0.0623384552
-0.0627033678
-0.0622080964
-0.0623659072
-0.0610777732
-0.064504328
-0.061821732
-0.0634450972
-0.0643648382
-0.064116713
-0.0626844846
-0.0636291094
-0.0649601468
-0.0643095174
-0.0639587086
-0.0641701728
-0.0644358338
-0.062536281
-0.062127553
-0.0642989124
-0.0635755044
-0.0637863768
-0.064121511
-0.0634334166
-0.0640954066
-0.0642617862
-0.064058794
-0.0631954792
-0.0631105734
-0.0629074844
-0.063857004
-0.0643906228
-0.0631373666
-0.063040635
-0.0622203204
-0.063100754
-0.0638923174
-0.0643088584
-0.0636845756
-0.0642497372
-0.0625254044
-0.0631387624
-0.0624240684
-0.0635689904
-0.0626502766
-0.0629227904
-0.0635909074
-0.0627519514
-0.0639572642
-0.063290156
-0.0624737574
-0.0644672986
-0.0641449504
-0.0646539572
-0.0626332546
-0.063114519
-0.0647892594
-0.0629212978
-0.061745153
-0.0633907552
-0.0632717866
-0.0633299476
-0.06360283
-0.0637806966
-0.0631747348
-0.0632102716
-0.0624695698
-0.0657368694
-0.063982293
-0.0648851572
-0.0635678848
-0.0641985554
-0.0633317604
-0.062500182
-0.063991182
-0.0655937058
-0.063726161
-0.0639699238
-0.063695694
-0.064604782
-0.063930888
-0.0643458582
-0.0643235244
-0.0643985326
-0.0620610652
-0.0651731522
-0.0629598684
-0.0634306248
-0.0647659466
-0.0645075366
-0.0652102784
-0.0636311158
-0.065095032
-0.0649961676
-0.064224001
-0.065297801
-0.0645015846
-0.062719333
-0.0661602634
-0.0616902006
-0.0637458484
-0.0625331692
-0.0640295588
-0.0643792138
-0.063017661
-0.063758266
-0.064492182
-0.0645799764
-0.063900179
-0.064553038
-0.0635535578
-0.0640913938
-0.063156957
-0.0615140014
-0.0622422374
-0.0616316226
-0.0629464234
-0.0630042644
-0.0640674408
-0.063311016
-0.06281969
-0.0619751804
-0.062668985
-0.0632340982
-0.0646639516
-0.0637506464
-0.062511911
-0.062499862
-0.0622343274
-0.0638234064
-0.0635228488
-0.0647069034
-0.063584732
-0.0630253288
-0.0644206728
-0.0625180082
-0.0640766498
-0.063329017
-0.0634107626
-0.0629464718
-0.0637712456
-0.0637429598
-0.0627461744
-0.0646242272
-0.0656836034
-0.063608365
-0.0638717964
-0.0622466186
-0.063538058
-0.0633820114
-0.0625074034
-0.0634783262
-0.0641226166
-0.0630774412
-0.0643727482
-0.0645309462
-0.06414938
-0.0624755702
-0.0642323278
-0.0646882918
-0.0640140778
-0.0640907052
-0.063700987
-0.0630894418
-0.0635676616
-0.0642809114
-0.0649450342
-0.0623957342
-0.0648839846
-0.06419809
-0.0637488338
-0.0641715686
-0.0625668634
-0.0644894872
-0.0646042198
-0.062998022
-0.0654380762
-0.0632427154
-0.0642640158
-0.064153054
-0.062801447
-0.0637472442
-0.0646196712
-0.062736355
-0.064034919
-0.0643861932
-0.0617562716
-0.0614332832
-0.063051385
-0.0626426086
-0.0636639576
-0.0636405182
-0.0622851406
-0.0634842298
-0.0640147664
-0.0650510716
-0.0635870102
-0.0638476014
-0.0620804622
-0.0635656068
-0.0638453234
-0.0651140606
-0.062098802
-0.065948237
-0.0649779246
-0.0636231574
-0.0644512852
-0.0645044732
-0.0638889636
-0.0634121584
-0.0637416608
-0.064737806
-0.0649722444
-0.0642529458
-0.0634184492
-0.0646088728
-0.0637737656
-0.0649018108
-0.0629078528
-0.0641089966
-0.0634716186
-0.0638371418
-0.0645954278
-0.0636374362
-0.0647949398
-0.0635692808
-0.0627270976
-0.0646460474
-0.0646264084
-0.0630010074
-0.064904089
-0.0641384364
-0.0646716382
-0.0635570864
-0.0642021324
-0.0630274804
-0.0643639076
-0.0639672586
-0.0638409906
-0.0635529472
-0.0643273918
-0.0633948944
-0.0647888426
-0.0645234532
-0.064466126
-0.0643120858
-0.066417646
-0.0642510846
-0.0644038256
-0.0653111008
-0.0630810666
-0.0625811422
-0.0635127092
-0.0633030576
-0.0648122038
-0.0641823968
-0.063929909
-0.0648963538
-0.0642632788
-0.0633052388
-0.0650573922
-0.0625689964
-0.064220007
-0.0637930658
-0.0643193852
-0.0630856414
-0.0631211298
-0.0651693814
-0.0649790004
-0.0646098032
-0.0653203582
-0.0646303728
-0.063031251
-0.0635683986
-0.0632964952
-0.0623118854
-0.0626359978
-0.063012029
-0.0640569328
-0.062922742
-0.0634073604
-0.063353212
-0.0630468772
-0.0643988044
-0.0634587356
-0.0642149372
-0.0644267216
-0.0626001222
-0.0632569456
-0.0644298818
-0.0639470278
-0.0626812276
-0.0643624634
-0.0655580722
-0.064873283
-0.0635197666
-0.0646769016
-0.0636955488
-0.0636230606
-0.0626700124
-0.0634430908
-0.0633409694
-0.0643682888
-0.0637759954
-0.0646943406
-0.0632728138
-0.0634311868
-0.0632852798
-0.063095781
-0.063325343
-0.0629618746
-0.0616713954
-0.0617878628
-0.062394435
-0.0620331962
-0.0636339074
-0.0651801798
-0.0638575176
-0.0635734684
-0.061988577
-0.0626416298
-0.0638712342
-0.0620708846
-0.0622402794
-0.0637687444
-0.0630635792
-0.0632415912
-0.0634106174
-0.0627704662
-0.0624231378
-0.0648296428
-0.0630914966
-0.0648348578
-0.0631549992
-0.0636353518
-0.0620363566
-0.0637724182
-0.0633662884
-0.0645288914
-0.0630936778
-0.062314357
-0.0620131888
-0.0628370024
-0.063283642
-0.0622947182
-0.062599899
-0.062476646
-0.0646841526
-0.0636769856
-0.062485438
-0.0635507176
-0.063914186
-0.0638682676
-0.0651776114
-0.063230279
-0.0650671632
-0.0630452394
-0.0646209702
-0.0642239526
-0.0634230052
-0.063432069
-0.0640079806
-0.0635112648
-0.0639861606
-0.0641695138
-0.0634466866
-0.0634466866