-0.0723088012
-0.0713078184
-0.0721024092
-0.0727995764
-0.0713519106
-0.072872366
-0.0735735104
-0.072920665
-0.0721144218
-0.0732282374
-0.0724292726
-0.0722818278
-0.072686618
-0.0733033716
-0.0742415842
-0.0736087722
-0.0726903118
-0.0735385686
-0.0729294242
-0.07147931
-0.0724160832
-0.071287172
-0.0719191444
-0.0723263946
-0.0720197764
-0.0717155988
-0.0726352034
-0.072705814
-0.0725863254
-0.0729460424
-0.0735325048
-0.0730656114
-0.072004569
-0.0719569668
-0.072576856
-0.071771632
-0.0714775076
-0.0722885804
-0.0717674388
-0.0734389216
-0.0707903504
-0.071082319
-0.0699207272
-0.0722988838
-0.0705817318
-0.0712703028
-0.0724161646
-0.0723888546
-0.0725878912
-0.072762105
-0.0726312176
-0.0716486052
-0.0725660052
-0.0710757282
-0.0709663748
-0.0734421342
-0.0722074392
-0.0716873908
-0.072101218
-0.0707020986
-0.072410547
-0.0722529238
-0.0716843578
-0.0721218248
-0.0728130128
-0.0708358386
-0.0724919148
-0.0717550986
-0.070495305
-0.0725188192
-0.0711326974
-0.0715199862
-0.0724238868
-0.0727862324
-0.072331299
-0.0712389308
-0.0704154732
-0.0713539986
-0.0719303614
-0.0718825836
-0.0702854862
-0.0705773528
-0.071566263
-0.0720501272
-0.0711111904
-0.0716278862
-0.0722741878
-0.0712119846
-0.071433919
-0.0721163526
-0.0716670442
-0.0722308064
-0.0732065524
-0.0717692946
-0.072917805
-0.072920763
-0.0722159918
-0.0731106622
-0.0735845254
-0.0732538866
-0.0720612038
-0.0728568254
-0.07170509
-0.0723039716
-0.0715142904
-0.0698056568
-0.0714163092
-0.0738133672
-0.073279212
-0.0732063112
-0.0716800842
-0.0708579496
-0.0710307912
-0.0718544728
-0.0717430758
-0.0719705136
-0.0707618106
-0.0725589446
-0.0725058078
-0.0728220452
-0.0721675016
-0.0732803382
-0.0718990872
-0.071855756
-0.0733556754
-0.07126668
-0.071131086
-0.0714889488
-0.0722510884
-0.0719895294
-0.0717322194
-0.0702761422
-0.070987901
-0.0736514514
-0.0730344452
-0.0730288512
-0.0728449486
-0.0722377942
-0.072434278
-0.0725793198
-0.0713214192
-0.0719801334
-0.072355133
-0.0722722874
-0.0725745246
-0.0714208318
-0.0725204784
-0.0731168334
-0.0727401834
-0.0712813412
-0.0732468568
-0.0723717272
-0.0708955646
-0.0726031846
-0.0740278954
-0.072671454
-0.0728207932
-0.0731822106
-0.073260894
-0.0724339398
-0.072972946
-0.0731094286
-0.0731373956
-0.072683655
-0.0711829404
-0.0711711888
-0.0708739236
-0.0716825606
-0.071767705
-0.0721025128
-0.0715166878
-0.0708751294
-0.072493673
-0.072012481
-0.072847634
-0.0732815616
-0.0719025912
-0.0720322842
-0.0722425394
-0.0724792942
-0.072668461
-0.0720307316
-0.0720430874
-0.0735888596
-0.0722724152
-0.0735107392
-0.0736681428
-0.0735285136
-0.0710408028
-0.0728146
-0.0726620642
-0.0740394602
-0.0727705928
-0.0728938808
-0.073529665
-0.072116001
-0.0732650888
-0.0734644108
-0.0721232838
-0.0731573206
-0.0727219294
-0.070836766
-0.0707086732
-0.072336572
-0.0716553684
-0.0722458914
-0.0726233308
-0.071436972
-0.0717573934
-0.071222109
-0.0719861698
-0.0726830202
-0.073435385
-0.0713778114
-0.0715645608
-0.0728320114
-0.0716848952
-0.0717142006
-0.0725718688
-0.0730463542
-0.0727801316
-0.0723891354
-0.0731263632
-0.0738791414
-0.0729047018
-0.0733904102
-0.0738537328
-0.0719375534
-0.0731824542
-0.0729475354
-0.0720451712
-0.0726698476
-0.0730763246
-0.0726142026
-0.0735030814
-0.0731019802
-0.071904984
-0.0722702836
-0.0734742522
-0.0731156328
-0.071605521
-0.0722462888
-0.071068968
-0.0712930534
-0.072439054
-0.071749227
-0.071073018
-0.0725421484
-0.0731257032
-0.0735965996
-0.0721131064
-0.0718248344
-0.0723993528
-0.0739858718
-0.0736543962
-0.0730580486
-0.0734763296
-0.072899549
-0.073042945
-0.0749669374
-0.0717676858
-0.0728788014
-0.073596401
-0.0735754254
-0.0732441356
-0.0730353918
-0.0736476672
-0.0739212392
-0.072711607
-0.0739091896
-0.0746365208
-0.0728726498
-0.0728319208
-0.0726179728
-0.073954618
-0.0734876788
-0.0720331852
-0.0727804566
-0.0724659676
-0.0724409918
-0.0714856532
-0.0726798322
-0.072497275
-0.0719544216
-0.0723355302
-0.0720304928
-0.0724369662
-0.073819628
-0.0737265554
-0.073138719
-0.0720100726
-0.0720321592
-0.0718877644
-0.0728187888
-0.0719851152
-0.0721177568
-0.0710865544
-0.0727145822
-0.0709900222
-0.0736574874
-0.0713024002
-0.0714445098
-0.0733377074
-0.0711254636
-0.0717627032
-0.0721477114
-0.0727926812
-0.0707411972
-0.0716066186
-0.07181091
-0.0730039568
-0.0729488662
-0.0729197196
-0.0718444812
-0.0721871602
-0.0722668446
-0.0732784998
-0.0718525118
-0.0715119612
-0.0724187718
-0.0714228038
-0.0730729824
-0.0718887664
-0.0717343132
-0.0720303718
-0.0703608114
-0.0718193972
-0.071201663
-0.073425584
-0.0733399026
-0.0720717378
-0.0746515068
-0.0716352872
-0.07250649
-0.0722870612
-0.0718701252
-0.0728973048
-0.0722316618
-0.0727482428
-0.0720068628
-0.0733255878
-0.0735357162
-0.073073813
-0.0733393716
-0.0737316768
-0.0724162476
-0.0719616566
-0.0713743566
-0.0720039724
-0.07330748
-0.0717688008
-0.0736836128
-0.0727721678
-0.0717786956
-0.074100248
-0.0726342136
-0.0723627816
-0.0734055468
-0.0720217534
-0.0738330988
-0.072550902
-0.071918264
-0.0722917142
-0.072986534
-0.0720258876
-0.0734511226
-0.0734911478
-0.0746739788
-0.0731671094
-0.0729565964
-0.073031282
-0.0728015072
-0.0716988472
-0.0727355714
-0.0728156642
-0.0722654664
-0.0725773194
-0.0729296804
-0.072735323
-0.0722353432
-0.0724549758
-0.0736965194
-0.07282323
-0.0743692974
-0.0736335302
-0.07273916
-0.0725321008
-0.072125898
-0.0731532374
-0.0708992488
-0.0731243556
-0.0712130192
-0.0718630166
-0.0705192466
-0.071749862
-0.0710141428
-0.072496422
-0.0716733308
-0.072541196
-0.0719043198
-0.0721657182
-0.072623085
-0.0725792538
-0.072999116
-0.0717674826
-0.0739732684
-0.0713761256
-0.0708916336
-0.0705168188
-0.0723658162
-0.0719845714
-0.0721502302
-0.072908968
-0.0713888836
-0.0717107118
-0.0723010504
-0.0738075676
-0.0729049008
-0.072037999
-0.0733326916
-0.0733503674
-0.0742794632
-0.0730481386
-0.07217081
-0.0737278464
-0.07233947
-0.0731538328
-0.0744096534
-0.0735465042
-0.0717018146
-0.0720135738
-0.0731717768
-0.0728598528
-0.0731744924
-0.0722494398
-0.0717714298
-0.0737066004
-0.0732128754
-0.0735194384
-0.072953973
-0.072495262
-0.072874357
-0.072739586
-0.0728574932
-0.0732540518
-0.0722551298
-0.0731584232
-0.0725773558
-0.0728609508
-0.0727948466
-0.0749248074
-0.0730200512
-0.0726181156
-0.072065815
-0.0723747586
-0.070025049
-0.0724451022
-0.07173942
-0.0728863896
-0.0728883224
-0.073927939
-0.073602739
-0.0726026482
-0.0729691276
-0.073554468
-0.0750197948
-0.0741491862
-0.0743139896
-0.0736199132
-0.0729996088
-0.0728019886
-0.0735183126
-0.0725643112
-0.0724595664
-0.0726332416
-0.0724411598
-0.0732552892
-0.0733213998
-0.0735268958
-0.0742075538
-0.0743570904
-0.0752736202
-0.0740979938
-0.0719903308
-0.0743040134
-0.0724183788
-0.073404472
-0.0729264994
-0.0730594824
-0.073615857
-0.0723183768
-0.072319453
-0.0720284488
-0.0717071804
-0.0737843156
-0.071707712
-0.0731714272
-0.071637541
-0.0724156496
-0.0722937668
-0.0727222646
-0.0722611756
-0.073103831
-0.073382422
-0.0724317644
-0.0727525724
-0.0733465642
-0.0736013826
-0.0728749758
-0.0717512688
-0.0729671732
-0.0715358298
-0.0726554586
-0.0722364646
-0.0733537196
-0.07268228
-0.0722035558
-0.073659423
-0.0728209372
-0.0721663992
-0.0729318216
-0.0722804512
-0.0732960256
-0.071834852
-0.0724610984
-0.072791221
-0.0708229126
-0.07222086
-0.0736394694
-0.0721779414
-0.0723630598
-0.072225663
-0.07258286
-0.0733637594
-0.0733006864
-0.0724157428
-0.0716603626
-0.073283065
-0.0726879412
-0.0730986448
-0.0722604424
-0.0725786608
-0.0741634672
-0.072478821
-0.072246052
-0.0731197544
-0.0729583372
-0.0721767684
-0.0735863974
-0.0723597294
-0.0718017594
-0.0734778062
-0.0730999336
-0.0730431964
-0.07177756
-0.0737687584
-0.0720456528
-0.0726227642
-0.0731985306
-0.0734845496
-0.0725645892
-0.0738403796
-0.072718554
-0.071557521
-0.0730519478
-0.0741474622
-0.0736671612
-0.075721205
-0.074101782
-0.074293891
-0.0736640582
-0.0740015528
-0.0734977442
-0.0735419464
-0.0740411748
-0.073999525
-0.0723845538
-0.0724187716
-0.0738466072
-0.0742106958
-0.0727247634
-0.072659192
-0.0737338336
-0.071167125
-0.0738939314
-0.073088834
-0.0734771502
-0.0728392802
-0.0734741998
-0.0730746808
-0.073441779
-0.073631161
-0.0727984408
-0.072159409
-0.074493855
-0.074106658
-0.0729708958
-0.072944427
-0.0744480248
-0.0719566546
-0.0733164956
-0.0728536462
-0.0736304106
-0.0743508848
-0.0732681568
-0.0739410566
-0.0735979872
-0.073911441
-0.0741745168
-0.0759391492
-0.073456956
-0.0748772172
-0.074374831
-0.0748440184
-0.0740451162
-0.0736597096
-0.0741928294
-0.0734733254
-0.0724502972
-0.0729485326
-0.0736580742
-0.0745488342
-0.0751972934
-0.0742681942
-0.072363352
-0.0744305266
-0.0737317024
-0.0730739792
-0.0733959842
-0.0726410314
-0.0740788582
-0.072704422
-0.0747607718
-0.0760389102
-0.0736079022
-0.074345538
-0.0741827032
-0.0725694786
-0.0748828264
-0.0738646828
-0.0734561492
-0.072906752
-0.0724607858
-0.0728916876
-0.0737520408
-0.0719949578
-0.0726411738
-0.074175724
-0.0738193074
-0.0747967434
-0.0736783706
-0.0747136402
-0.0746681586
-0.073478754
-0.0746243254
-0.0727269984
-0.0748048262
-0.0743707764
-0.0748857488
-0.0743382702
-0.074295563
-0.074378897
-0.075461667
-0.0751810732
-0.0750566322
-0.0737971558
-0.0736626812
-0.0742018512
-0.072105271
-0.0728148682
-0.0741274644
-0.073724142
-0.0749644418
-0.0744258516
-0.0741212356
-0.0729062804
-0.072965367
-0.0731364074
-0.0740735824
-0.074263817
-0.0718599066
-0.0731075866
-0.0714376042
-0.0726933116
-0.0721200892
-0.0725931866
-0.073095804
-0.072001505
-0.073112296
-0.0719267688
-0.0728514654
-0.0732200996
-0.0731684344
-0.0742878806
-0.0722825666
-0.072540794
-0.0719681012
-0.0731365558
-0.07460409
-0.0736825546
-0.0727590334
-0.0737515946
-0.073807819
-0.072330695
-0.0727662722
-0.0713377236
-0.0728726348
-0.0733082886
-0.0730372106
-0.0725395194
-0.0733332622
-0.0715387982
-0.0723184118
-0.0717194494
-0.071224233
-0.0717816182
-0.0728464926
-0.0737271188
-0.072574333
-0.0719508248
-0.0738555566
-0.0743373126
-0.0740233896
-0.07247464
-0.0731003104
-0.072709985
-0.0732519978
-0.0718045858
-0.072071406
-0.0723048814
-0.0713140294
-0.073277825
-0.0713358942
-0.0727193412
-0.0717512368
-0.0728148992
-0.0724918012
-0.0713927456
-0.0726677752
-0.0720702776
-0.0728356172
-0.070522188
-0.0735726624
-0.0727560212
-0.0710314744
-0.0710314744