8.13679632
8.96833118
9.74585678
8.94808666
9.59106346
7.99588736
8.02591748
8.15597192
6.69368396
6.67117476
5.5040045
4.84512346
5.2741814
5.92692092
7.06400328
8.0291912
7.77660896
7.60769674
9.24248508
9.24087618
8.77668146
9.07617364
6.43048996
8.06890192
6.1441744
4.40188462
4.94507508
5.78964918
5.66782934
6.51642826
7.8948374
7.70843686
8.66801908
8.61768094
8.93315988
8.21873966
8.95603154
7.70974994
7.268468
4.55164262
5.2295066
4.97448094
3.71398656
5.93813416
6.61146494
7.6791091
8.49714392
8.58282904
9.52871194
9.65585534
9.49013888
8.60558912
9.82924194
8.08631734
9.41293642
8.67476896
7.24550264
9.00024336
7.7396268
4.26169294
6.89379408
7.0327804
6.26480674
6.05522942
5.61933918
5.10669272
4.83258066
5.58576556
5.79189954
5.9277419
6.37021214
7.46244176
7.88282688
8.09195122
8.96919468
9.69634508
7.42719178
9.2632411
9.4837379
6.59169234
7.86695198
8.07025996
6.594176
5.95873568
5.62797532
5.52903118
5.33731426
4.88886922
5.12757074
6.1649615
5.11017154
7.9123119
7.6931756
7.35054306
9.48923444
9.66496488
8.71784682
8.74928814
7.8105521
8.46483532
8.25439056
7.94010948
8.16768696
6.24286874
5.45949464
5.12270874
6.21234838
5.95833918
5.66636812
5.9044896
4.22960456
6.93376094
7.4333712
8.49672978
8.5079132
8.8246273
8.7652776
9.47002316
9.16693544
7.2760071
8.10169864
7.4420311
6.63155322
7.11965516
4.62662708
4.70472882
5.22877264
4.25985564
5.66276666
7.6576943
7.5882923
8.83029632
8.65973098
-0.0642244022
-0.0634322292
-0.063310334
8.91035496
-0.0636371114
7.65905522
-0.0633358438
-0.0623063984
-0.063755486
-0.0638410966
-0.0633716344
6.42189296
-0.0639815306
-0.0631239786
-0.0650727096
-0.0635566102
-0.0624952298
-0.0622986898
-0.0631582392
-0.062613852
-0.0631117654
-0.062033924
-0.0625156516
-0.0629782822
-0.0619861326
-0.0612653104
-0.062888044
-0.0622023468
-0.0620841284
-0.0633224336
-0.0637856956
-0.0639923086
-0.0628209752
-0.064689426
-0.0629146172
-0.0628204726
-0.0641511878
-0.0627293368
-0.06470424
-0.0643235182
-0.064234529
-0.0653150062
-0.062972315
-0.0627232036
-0.062462419
-0.0622393602
-0.0626500362
-0.0640710934
-0.0623270564
-0.0629339062
-0.0624918058
-0.0644500578
-0.0639692858
-0.0629616072
-0.0625192508
-0.0637880844
-0.0631050464
-0.0622910276
-0.0628450964
-0.0629273436
-0.0627555594
-0.0620522112
-0.0626324778
-0.0635804678
-0.0642531972
-0.0631019402
-0.0632155686
-0.0615051508
-0.0637566918
-0.0633313904
-0.0636148224
-0.0628163438
0.974786474
-0.0635325188
-0.063523372
-0.0626138842
-0.0620582794
-0.0627963396
-0.0619447452
-0.0638675698
-0.062425293
-0.0628216914
-0.0631683234
-0.0623718684
-0.0621246762
-0.063211091
-0.0617894216
-0.0615731468
-0.0624151784
-0.0629545996
-0.0625385716
-0.0627747848
-0.0613137744
-0.0620285748
-0.0636482148
-0.0633921386
-0.063807901
-0.0633187432
-0.0641850756
-0.0639114856
-0.0636026786
-0.0617039566
-0.0626575542
-0.0614508554
-0.0627913966
-0.0615881932
-0.0619441892
-0.0618571658
-0.0623482966
-0.061396173
-0.0622896008
-0.0619057828
-0.0629724072
-0.060934099
-0.0620981144
-0.0604816058
-0.0616754502
-0.062885874
-0.0617155564
-0.061628237
-0.0630661434
-0.0627876736
-0.0624719828
-0.0622483498
-0.063145381
-0.0613583578
-0.0618980416
-0.061593006
-0.0608720472
-0.0617212562
-0.0627997462
-0.0620625562
-0.062138173
-0.0620288094
-0.0604037758
-0.0613237492
-0.0627301228
-0.0620393238
-0.0635661182
-0.0633367132
-0.0634886428
-0.0629722954
-0.0618517586
-0.0629945374
-0.0630963354
-0.0643153912
-0.0618776866
-0.062184378
-0.0635976386
-0.0627749028
-0.0628693876
-0.063685878
-0.0636862466
-0.063418459
-0.0632939814
-0.0630661342
-0.0653895628
-0.0619501114
-0.0637345606
-0.0637396194
-0.0638820606
-0.063637564
-0.063336497
-0.0637661532
-0.0628110382
-0.063205571
-0.0646941492
-0.0637166042
-0.0633793708
-0.062773598
-0.0639354778
-0.0635088006
-0.062254314
-0.0656065022
-0.0633997468
-0.062465402
-0.063832959
-0.0631915854
-0.0631982436
-0.0645600954
-0.0630495606
-0.063436953
-0.0622286412
-0.0627929254
-0.062382086
-0.0629989574
-0.0633582042
-0.0639081694
-0.0621502722
-0.0621633314
-0.0622276006
-0.0630479246
-0.0628144638
-0.0644068134
-0.0630763596
-0.0619217268
-0.062198521
-0.0622064694
-0.0632226342
-0.0636822526
-0.06260212
-0.0626264242
-0.0633320328
-0.0596990996
0.040850696
-0.0627444542
-0.0633287714
-0.0631842828
-0.064510236
-0.0633243042
-0.064542289
-0.0631910588
-0.0635273162
-0.0633137136
-0.0625140864
-0.0635025948
-0.0640724888
-0.0634357658
-0.0638472204
-0.0634866002
-0.0646186214
-0.0631316128
-0.0645905126
-0.0642944184
-0.0646715442
-0.0645365472
-0.0641666476
-0.065206933
-0.0639164258
-0.0648525918
-0.0657103036
-0.0626280118
-0.0627384174
-0.063822167
-0.0615937272
-0.0630289798
-0.0618141242
5.51251896
-0.063823678
2.27486638
5.89202298
6.42752224
6.513559
6.62558988
6.21763074
5.33614212
6.61285782
6.99544504
4.82727536
6.67556754
6.49729932
4.36076112
5.9895221
6.03574624
6.40023362
6.31615566
5.39614606
5.58775446
5.38874322
5.5259217
5.13849468
5.08817468
5.44794506
4.49233588
4.40833848
4.1155257
4.76137618
4.50804116
3.8489523
4.89606914
4.75408206
-0.0634636736
4.86840044
5.0779709
5.49775544
5.83847524
6.6617091
7.12790562
7.32226844
7.03496948
8.69520176
7.42700968
8.15360678
9.60372964
9.0540538
6.32143218
8.58253322
6.98464284
4.51901622
7.06005102
5.5566687
5.26280922
4.7661026
4.55646908
4.56547238
4.56691788
5.21437924
4.84671858
5.1608891
5.24877106
6.96558084
6.60401168
5.0853219
-0.0616719696
-0.0646983156
7.04930164
9.32815756
8.1534035
7.71801446
6.91195182
6.81056222
5.91322664
5.03070626
5.00574324
4.33856342
4.26487696
3.98343062
6.30357016
6.88477896
4.45856358
7.14179104
7.45848046
8.37294088
9.51151796
8.92632682
8.92565268
8.80059182
8.38743426
7.77979944
6.84804198
5.59564952
5.08538628
4.78580528
4.17526256
4.78270622
4.98137642
4.1322116
7.26145734
7.81724972
8.12416872
8.48241232
8.4777391
8.1337918
8.09467182
7.11060124
6.87144168
6.96716388
4.51059984
5.26165056
5.52548142
4.11049228
5.111614
5.14173266
4.4402695
5.51440684
5.39763502
4.8179687
6.54576596
6.71129756
7.62778562
8.63628454
8.39178748
8.47793336
8.78741162
7.81924456
8.69966392
8.40169118
7.62623538
6.519184
5.02400062
3.08434354
4.57319952
5.01438626
5.06898386
4.96332322
5.19532564
5.64481918
5.9774288
6.0520213
6.70843974
8.50840392
8.72981584
8.23907836
9.7123703
5.51552538
8.70370742
7.8886481
6.6416668
7.037812
6.2529972
5.1818002
4.05449704
4.63241952
5.21463142
4.78121796
3.43157192
5.75817258
6.9109447
5.82880022
8.23332954
8.38842038
8.57430826
8.04841408
6.46691128
7.10979822
6.5439699
6.16256886
6.06900224
4.78288608
3.34265468
4.5164958
4.68830478
4.45103572
4.83639768
5.2274569
5.38920762
6.5316525
6.2818348
7.1480067
8.5441186
8.32949386
9.54666692
9.3827417
8.24704262
6.1976119
7.76390584
6.31487292
7.82171582
6.91333836
5.87144022
5.16904144
4.97661322
2.81059966
4.5077523
4.98748044
5.40322982
5.85798928
6.67266728
6.6427906
6.63071554
7.80423448
7.42926734
8.14040944
5.29180632
8.32038464
6.92902078
5.20672368
6.79802962
5.56182398
4.78326254
4.39417746
4.27780522
5.03919554
5.95876708
6.0352258
6.89002308
6.98109796
6.14820648
7.76316496
9.43537632
7.9928031
7.74595138
7.2054486
8.44847152
9.49753404
7.49055912
7.61730112
6.67986288
6.34308924
6.33126528
5.64500296
4.42037422
4.9382802
4.96282678
3.88317554
4.78157486
5.37903824
5.32543942
5.85613564
7.13550708
6.58245772
7.589798
8.03414416
8.48837602
8.67092006
8.72526584
8.39848842
7.76256592
6.4442436
7.09611214
7.2958566
7.00820522
5.46989236
4.78916818
4.9021956
4.78649214
4.41730774
5.09728416
4.99749236
5.99288766
6.39466696
7.24802818
7.49640298
7.9930782
6.9646795
7.61142544
7.92281508
7.98729524
7.28350872
8.3238067
8.73057312
9.18007616
8.81188728
7.34558278
7.74286178
7.28407578
7.30244588
6.8929618
6.97679112
3.89156758
5.91770346
5.69901244
5.44256564
4.45356682
4.52129584
5.92739326
5.44285306
7.3611003
8.53996566
9.03590482
7.48550192
8.69105938
8.7758858
0.319720296
-0.0642435248
-0.0644769704
-0.062935544
-0.0633625836
-0.0637969876
3.56644952
5.54364408
6.56157066
6.62979998
7.8196659
8.39418348
8.62672922
7.43128448
6.54701764
8.82526934
7.61322504
5.38611718
7.37917704
6.42506418
3.63896814
5.05827414
4.6231244
5.33166606
-0.0642018042
5.78211816
-0.0630115774
8.36874396
9.5573658
9.151581
9.12252606
7.25735944
7.11329914
6.2370331
5.17053266
5.69016416
4.8564718
5.32371556
5.2414777
5.02694634
5.82293702
6.5227206
6.72103274
7.94018094
9.09813778
8.4305948
8.35281104
7.69772332
5.65493824
7.5464024
5.35644274
4.01238308
4.8561275
4.94603218
5.75570498
6.12614396
6.59363554
8.03895592
7.9967502
8.27782834
9.23821588
8.32397716
7.64043124
0.318640224
7.52835796
5.77911318
5.97716168
1.934775288
-0.0645779804
-0.0632456338
-0.064557186
-0.0639311248
-0.063781721
-0.0634130758
-0.0641546964
-0.066373452
-0.0636986484
-0.0643671928
-0.0641306208
-0.0637995536
-0.064361821
-0.0627648896
-0.0644499176
-0.064225123
-0.0635823706
-0.0649018912
-0.0627703906
-0.0643305818
-0.0652015314
-0.065538866
-0.0644681022
-0.0655070274
-0.065088762
-0.0634053692
-0.0640021666
-0.0640021666