-0.0525530348
-0.051031471
-0.052652413
-0.0516468838
-0.0523087286
-0.0530136032
-0.0517882832
-0.0509492602
-0.050191566
-0.0518454652
-0.051136481
-0.0518859454
-0.0525066996
-0.0521030712
-0.051694198
-0.0513136108
-0.0513819114
-0.0521277798
-0.051847598
-0.0526562804
-0.0532534986
-0.0527329078
-0.0517262546
-0.051929072
-0.051543493
-0.0517599006
-0.0520817646
-0.0512117126
-0.0504469126
-0.0513732162
-0.0529204676
-0.05175645
-0.0524057804
-0.0517026216
-0.0514209472
-0.0531843158
-0.0520177
-0.053354321
-0.053245395
-0.0540556184
-0.0530573888
-0.054956186
-0.052805638
-0.0508993292
-0.0524799548
-0.0515380064
-0.0514658382
-0.0512627492
-0.0521635102
-0.0527008514
-0.0516912612
-0.0510389156
-0.0528116384
-0.0520679028
-0.0517335056
-0.0527205386
-0.0520743684
-0.0540157004
-0.052679865
-0.0528170282
-0.0508572782
-0.0522696928
-0.0516872188
-0.0511727736
-0.05256109
-0.0520271026
-0.0534874418
-0.0525141442
-0.0534252384
-0.0528021874
-0.0531925942
-0.0511939832
-0.0516253354
-0.0527269074
-0.0534013636
-0.0522808598
-0.0516519536
-0.0540138878
-0.0530379434
-0.0525573192
-0.0536646496
-0.0510562766
-0.052249075
-0.052174774
-0.052382516
-0.0510557628
-0.051385537
-0.051360925
-0.0535448472
-0.05428425
-0.052052645
-0.0525458322
-0.0530754382
-0.0533877734
-0.0528743556
-0.0531841706
-0.0542735968
-0.0524297818
-0.0518790924
-0.0507558938
-0.0511140988
-0.0509180374
-0.0508861262
-0.0514009398
-0.0500720352
-0.051890133
-0.0522022744
-0.0510840002
-0.0519354892
-0.0534439764
-0.0514762682
-0.0518029788
-0.05123963
-0.0527028092
-0.0533779538
-0.053199942
-0.0524503512
-0.0530030952
-0.0529118504
-0.0520153252
-0.0517338444
-0.0505546658
-0.05087873
-0.0518452716
-0.052062833
-0.0535501106
-0.0526348772
-0.0539720602
-0.0527548248
-0.0534727276
-0.0527018304
-0.05362194
-0.0528228054
-0.0518254876
-0.05280368
-0.0520938622
-0.0519315732
-0.0528397306
-0.051200274
-0.052055757
-0.0517913466
-0.0521654682
-0.0523537648
-0.052715789
-0.0515042822
-0.0531510382
-0.0515101858
-0.0531010292
-0.0543118472
-0.0529609772
-0.05193135
-0.0515749578
-0.0527790682
-0.0534885958
-0.0520191444
-0.052495756
-0.0532078034
-0.052813548
-0.0519481004
-0.0526049536
-0.052585925
-0.0536791704
-0.0531395996
-0.053455657
-0.0528752378
-0.0514576566
-0.0513605566
-0.0507467332
-0.052075299
-0.0520738064
-0.0518838906
-0.0511622656
-0.0510092824
-0.0514496984
-0.0526229248
-0.0517912982
-0.0520464028
-0.0522598734
-0.0494478006
-0.0526347804
-0.051965733
-0.052573459
-0.0516979204
-0.0525219572
-0.0503966614
-0.050451517
-0.051825119
-0.052992859
-0.0516139452
-0.0508888696
-0.0517695748
-0.0526781974
-0.0513014648
-0.051579979
-0.05270406
-0.0525197276
-0.052211018
-0.0519045866
-0.0515749578
-0.051889891
-0.0512156286
-0.053203441
-0.0522286506
-0.0504045712
-0.0532148312
-0.0507424488
-0.05118585
-0.0514442116
-0.0522059966
-0.0518977524
-0.0529449826
-0.051718393
-0.052941357
-0.051584215
-0.0519741566
-0.0523603272
-0.0524588716
-0.0520234584
-0.0516669396
-0.0512918874
-0.0517629156
-0.051095022
-0.0515524786
-0.0512857418
-0.0509896436
-0.0526382794
-0.053213949
-0.0511916568
-0.0526985248
-0.0516264596
-0.0520309218
-0.0532055254
-0.0525902094
-0.0533632582
-0.0532427486
-0.0534338368
-0.0536338626
-0.0523137984
-0.0531852464
-0.0524127112
-0.0531591418
-0.053192032
-0.0530584646
-0.054052972
-0.052070743
-0.0530586878
-0.053783395
-0.0535137214
-0.0529574002
-0.0513034712
-0.0519447466
-0.0523160764
-0.0529619562
-0.052230977
-0.051179753
-0.0518004588
-0.0510060738
-0.050843785
-0.0513892592
-0.0503676684
-0.0521178338
-0.0531401134
-0.0517272336
-0.0495947164
-0.0530350066
-0.052354327
-0.051573882
-0.0505756522
-0.0527742218
-0.052619988
-0.0521306684
-0.0517281642
-0.0522914162
-0.0525557782
-0.0523332438
-0.0523324584
-0.051355632
-0.0520312902
-0.0529616362
-0.053173294
-0.0522295812
-0.0531921288
-0.050952614
-0.0526443766
-0.0528555504
-0.0538883082
-0.0533538072
-0.0527538942
-0.0524457468
-0.0532222758
-0.051338688
-0.0547383528
-0.0519002724
-0.0524121492
-0.052061534
-0.0521659334
-0.0521565012
-0.0528299596
-0.0522655052
-0.0528753346
-0.0524683522
-0.0528452172
-0.0522798324
-0.0517921804
-0.05374877
-0.053452817
-0.053070979
-0.0526025006
-0.0539218574
-0.053155051
-0.052275548
-0.052038076
-0.05386137
-0.0522710402
-0.0537368178
-0.0528208474
-0.0544145308
-0.0539175246
-0.0526916424
-0.0516536212
-0.0533245908
-0.05272556
-0.0517835334
-0.0508395974
-0.0520641322
-0.0543393774
-0.052035381
-0.0532353524
-0.053136808
-0.0522627618
-0.0507332882
-0.0529831362
-0.0548540162
-0.053898273
-0.052463893
-0.05284671
-0.053425365
-0.053645156
-0.0516751696
-0.053036034
-0.0540836326
-0.0539254346
-0.0520739032
-0.0528115416
-0.0526219942
-0.0531178764
-0.0516992194
-0.0535497422
-0.053234567
-0.052713511
-0.0523349596
-0.0513109158
-0.0526271608
-0.0517415122
-0.0521599816
-0.0518150762
-0.0529545116
-0.0528082846
-0.0524892902
-0.0511429468
-0.0537963264
-0.0535959322
-0.05268508
-0.0532637834
-0.0509242798
-0.0521008898
-0.0528753346
-0.0524268152
-0.0509691708
-0.0507559422
-0.0517444976
-0.052577133
-0.0524031338
-0.051838806
-0.052508047
-0.0524410454
-0.0526360498
-0.0516110082
-0.0526870378
-0.0526443282
-0.0525150264
-0.051523117
-0.0532882016
-0.0528839814
-0.0528368608
-0.0529453026
-0.0524889218
-0.0532706658
-0.0519564756
-0.053163843
-0.0547171432
-0.0524639898
-0.053288812
-0.0541232602
-0.0518025618
-0.0534362602
-0.0526530234
-0.052059993
-0.0523648834
-0.0511004306
-0.0522233092
-0.0523467372
-0.0509848938
-0.0529824774
-0.0532428454
-0.053476595
-0.0521463914
-0.0535518266
-0.0530707854
-0.0506094732
-0.0528205272
-0.0513048188
-0.053312125
-0.052589841
-0.0523001598
-0.0543277154
-0.0523960092
-0.0529603372
-0.0528404862
-0.0536034252
-0.0535109296
-0.052898919
-0.0531633778
-0.0524443024
-0.0529320514
-0.0533696754
-0.05289794
-0.0524293164
-0.050764269
-0.0528938008
-0.0533127838
-0.053334924
-0.0503250554
-0.0526293422
-0.0526923794
-0.0525583466
-0.0537911598
-0.0517741792
-0.0527812978
-0.053530375
-0.0540498898
-0.0534463028
-0.0539681926
-0.0521751424
-0.0534063848
-0.0534061616
-0.0525201446
-0.0530094156
-0.0515559292
-0.0520883272
-0.0511390012
-0.0521088482
-0.052970525
-0.0516985792
-0.0519151132
-0.052801819
-0.0533603698
-0.052751471
-0.053050778
-0.0529179474
-0.0526060776
-0.0538749116
-0.0530934394
-0.052023894
-0.0531494676
-0.0525075818
-0.0527528668
-0.0525293534
-0.052958796
-0.0529448374
-0.0531858866
-0.0525740212
-0.0523118404
-0.0520292838
-0.0508566194
-0.050438809
-0.0516366958
-0.0535659788
-0.0513803704
-0.0526773152
-0.0515274014
-0.0520268122
-0.0530580774
-0.0527846516
-0.0513828904
-0.0519089194
-0.0533651194
-0.0514294192
-0.0524059552
-0.0493742368
-0.050174864
-0.0506338618
-0.0514735248
-0.0512917422
-0.0511890102
-0.0519708028
-0.0517713876
-0.0517811102
-0.051855091
-0.0530763688
-0.0530478114
-0.0512838808
-0.051190823
-0.0514767818
-0.0532804368
-0.052499992
-0.0518137288
-0.0510411454
-0.0512374002
-0.0522764302
-0.0519471698
-0.0520009012
-0.053556431
-0.0514485444
-0.05165967
-0.0522773124
-0.0523746544
-0.053625439
-0.0530894938
-0.0528978432
-0.0520427288
-0.0518949606
-0.0520935904
-0.05149013
-0.0533712166
-0.0521362034
-0.052189518
-0.0509951302
-0.0533842446
-0.0514340238
-0.053282298
-0.0531012228
-0.0535185194
-0.0533472932
-0.0534672408
-0.0526153834
-0.0519007378
-0.0531571354
-0.0537179346
-0.0521496
-0.052766699
-0.0540778556
-0.0516742874
-0.0528729112
-0.0521679882
-0.0524090374
-0.0532592272
-0.0537659858
-0.05279261
-0.0524523092
-0.052483852
-0.0527526436
-0.0526028206
-0.0550083952
-0.0536937396
-0.0542016706
-0.0533639468
-0.0532363796
-0.053568335
-0.0527972628
-0.0534426774
-0.0538140556
-0.0544691928
-0.0529860248
-0.0510973968
-0.0516537664
-0.0516485514
-0.0510286794
-0.0522222334
-0.0518140488
-0.0534357464
-0.052900315
-0.0522325182
-0.0515777494
-0.0520586454
-0.0504296
-0.0512791794
-0.0524211348
-0.0522766238
-0.0515973696
-0.0539231564
-0.052949587
-0.0512856934
-0.0496105846
-0.0522379564
-0.0504673368
-0.0513476252
-0.0543258544
-0.0531484886
-0.0537978674
-0.0528254034
-0.0530822428
-0.0522143234
-0.05237289
-0.0531602956
-0.0522371226
-0.0519085508
-0.0514784494
-0.0507024824
-0.0526165374
-0.0515009284
-0.0520605066
-0.0518918004
-0.0500404924
-0.051430573
-0.0521483494
-0.0520502702
-0.0533785644
-0.0511382938
-0.0502640058
-0.0521886842
-0.0521627732
-0.0542239078
-0.0523793074
-0.0517281158
-0.0512615952
-0.0502328798
-0.0517309074
-0.0508210826
-0.0528087498
-0.0533793498
-0.053735422
-0.0523255758
-0.0536546554
-0.0527539426
-0.0516468838
-0.0522641094
-0.053663399
-0.0538266668
-0.0539952762
-0.0515050676
-0.0524839972
-0.0511067026
-0.053012401
-0.0525590352
-0.0519051486
-0.0527739984
-0.0524928376
-0.0530036574
-0.0537159282
-0.054018347
-0.05305925
-0.053596029
-0.054473012
-0.0524179746
-0.053314403
-0.0530810702
-0.0528286604
-0.053316681
-0.0527319772
-0.0521844966
-0.0514713436
-0.0517302672
-0.0529064604
-0.0528281468
-0.052765478
-0.0536908994
-0.052865932
-0.0528831476
-0.0539362814
-0.052195295
-0.0525037626
-0.053586578
-0.0532594506
-0.0509723794
-0.052100473
-0.0532330258
-0.0508217228
-0.0539347402
-0.052490366
-0.0524470942
-0.052830987
-0.0536096192
-0.0537195538
-0.053083765
-0.0536881078
-0.0509989008
-0.051405738
-0.052595134
-0.0527432894
-0.0537117406
-0.0523221252
-0.0523873624
-0.0507062048
-0.0533347788
-0.0535919866
-0.0520466448
-0.053790326
-0.0536031536
-0.0513280348
-0.051171281
-0.0520405476
-0.0530711538
-0.0529224552
-0.0520529168
-0.0523474444
-0.0532557766
-0.0529665124
-0.0516311608
-0.0518621188
-0.0531581144
-0.052706018
-0.053907802
-0.0516783782
-0.0531125646
-0.0529324198
-0.0534997142
-0.0536842886
-0.052066265
-0.050611431
-0.0536152806
-0.053313007
-0.0530564098
-0.0542517766
-0.0537395612
-0.0528390904
-0.0541985104
-0.0536614894
-0.052687358
-0.051619752
-0.0527818116
-0.0534075872
-0.0545038178
-0.0537476162
-0.0526135224
-0.0518081938
-0.0538896558
-0.0526175646
-0.0539431154
-0.0539455388
-0.0523505078
-0.051802465
-0.0531081536
-0.0505537838
-0.0537725482
-0.0544748732
-0.0523940514
-0.0531168006
-0.0528713218
-0.0525108388
-0.0525670902
-0.0521795236
-0.0530440406
-0.0522746174
-0.0527078306
-0.0534233288
-0.0533246392
-0.0537097342
-0.0535393122
-0.0522723394
-0.0526882886
-0.0520270542
-0.0520110892
-0.0518307992
-0.0525423816
-0.0528375494
-0.0534790182
-0.0519699206
-0.0540296592
-0.0537566316
-0.05349795
-0.0534124336
-0.0529214762
-0.05309721
-0.0534444418
-0.0528606202
-0.0528592244
-0.0526924278
-0.0525660628
-0.0526037996
-0.0536388356
-0.052490366
-0.053017936
-0.0537663542
-0.0516946634
-0.0527825486
-0.0534338368
-0.0542140398
-0.0532085108
-0.053982665
-0.0541153206
-0.0536419474
-0.0540541742
-0.0533022086
-0.0525173044
-0.0531380102
-0.0525066028
-0.0520302628
-0.0537882712
-0.0519170228
-0.0524769694
-0.0534194614
-0.0538311746
-0.0514316488
-0.0518643484
-0.0515459162
-0.0530429164
-0.054475532
-0.0545414094
-0.0537689226
-0.0539074334
-0.0532856034
-0.0536076612
-0.0539370668
-0.0534852904
-0.0534765466
-0.053277325
-0.053570535
-0.0529412602
-0.0538007076
-0.053747151
-0.052933864
-0.0525231596
-0.0529937894
-0.0533839542
-0.0535110264
-0.0542853258
-0.0533252498
-0.0527955282
-0.054697039
-0.0555471804
-0.0538994268
-0.054254103
-0.054105676
-0.055237075
-0.0515724376
-0.0544344414
-0.0531510382
-0.0532219074
-0.052707879
-0.0528904954
-0.0529719694
-0.053908781
-0.0532521994
-0.0522458664
-0.0536675382
-0.0520659448
-0.0533650226
-0.0554415116
-0.0542656868
-0.0535282904
-0.0527015102
-0.0542196234
-0.053089397
-0.0530766592
-0.0541439266
-0.0542271648
-0.053819736
-0.0537520272
-0.0539340034
-0.053225116
-0.0547046288
-0.0526930382
-0.052462594
-0.0546876364
-0.0536667044
-0.053047104
-0.0551436004
-0.0536982472
-0.0516425026
-0.053199525
-0.0521773424
-0.0527324426
-0.0533481754
-0.0515124154
-0.0518765428
-0.0532925828
-0.0522849506
-0.0539993186
-0.0541047938
-0.0537889786
-0.053134113
-0.0529536778
-0.0497027116
-0.0523402714
-0.0525232564
-0.0513256598
-0.0511017296
-0.0536596768
-0.0523925102
-0.0502925336
-0.0521168066
-0.0515743472
-0.0530109084
-0.053561084
-0.0528408548
-0.0530640778
-0.0544008438
-0.0536145438
-0.053912038
-0.0530136516
-0.053095174
-0.0535044156
-0.0537698532
-0.050997922
-0.0523401262
-0.0534342538
-0.05359473
-0.053322216
-0.0530624102
-0.0529462332
-0.0523857246
-0.0512800616
-0.052503249
-0.0541091266
-0.0526168762
-0.0531804482
-0.05296499
-0.0516160296
-0.0516505578
-0.051339667
-0.0516828078
-0.051807118
-0.0513303128
-0.0517374698
-0.050902266
-0.0524297036
-0.0512829018
-0.0517750614
-0.0512611784
-0.0496763838
-0.052504228
-0.0524313712
-0.0534114062
-0.0542112482
-0.053704858
-0.05332841
-0.0543855862
-0.0537571936
-0.0538995236
-0.0526413912
-0.0526206468
-0.053392523
-0.0539305042
-0.0525585698
-0.0520457626
-0.0525326106
-0.0536976852
-0.053321237
-0.0533386948
-0.0517510116
-0.0513931268
-0.0526178068
-0.0550706954
-0.053829265
-0.052278727
-0.0540763816
-0.0525170326
-0.0529017108
-0.0533556684
-0.0539868042
-0.0556448724
-0.053187718
-0.054040089
-0.0530944182
-0.0519654128
-0.0521004246
-0.0511532798
-0.0520915842
-0.052473664
-0.0519479552
-0.0532294488
-0.0527845064
-0.0524205728
-0.0517732488
-0.052964428
-0.0538790508
-0.0527624146
-0.0515508112
-0.0528444802
-0.0527447336
-0.0531357322
-0.052339903
-0.0539918256
-0.0519793232
-0.0524392328
-0.0525256796
-0.051189844
-0.0537702702
-0.0526363214
-0.0533497648
-0.0532477698
-0.0529216214
-0.0510909312
-0.0516673566
-0.0506753504
-0.05326136
-0.0531433704
-0.0514008914
-0.0530369646
-0.0522082264
-0.0544299338
-0.05360832
-0.0530579994
-0.0528495984
-0.0526025974
-0.052258429
-0.0527143932
-0.0536974134
-0.0520970708
-0.0512396784
-0.051727602
-0.0506620024
-0.0516232026
-0.05259114
-0.0523950788
-0.0526924762
-0.0507032678
-0.0523852592
-0.0532030242
-0.0532534986
-0.0526953162
-0.0514531006
-0.0514126204
-0.0526956848
-0.0542991876
-0.0524703102
-0.0526201332
-0.0509095654
-0.05129086
-0.0515324712
-0.0538052636
-0.0514998526
-0.0512890956
-0.0521837112
-0.0523060338
-0.0531661696
-0.0530866052
-0.0530657156
-0.052886453
-0.0519497196
-0.0525337346
-0.051784144
-0.0512398236
-0.0529318578
-0.0527803672
-0.0536889898
-0.0529978802
-0.0538107502
-0.053763194
-0.0530529108
-0.0530079714
-0.0519024054
-0.0531080084
-0.0531127098
-0.053127182
-0.0542886796
-0.0527365334
-0.0523705152
-0.0523022146
-0.054137044
-0.0526232934
-0.0528098554
-0.0531449896
-0.05172704
-0.0544195522
-0.0531938448
-0.0530294232
-0.051441178
-0.052224463
-0.0524263498
-0.0527725058
-0.052473664
-0.0536669278
-0.0546709344
-0.053034076
-0.0523956408
-0.052428531
-0.0541827204
-0.0537285878
-0.0540891676
-0.0532557766
-0.0522765754
-0.0522109696
-0.0523128678
-0.052012902
-0.0534384414
-0.0519679626
-0.0535068388
-0.0526850316
-0.0521581204
-0.0516812668
-0.0526996006
-0.0514497952
-0.0528133544
-0.0519051486
-0.0515549988
-0.051575501
-0.0540058326
-0.05350331
-0.0521165646
-0.0523392924
-0.0535959322
-0.0520409644
-0.0533544178
-0.0520940558
-0.053028783
-0.052250054
-0.0524777548
-0.0524331356
-0.0533669806
-0.0528199168
-0.0528356398
-0.0532027822
-0.0524714828
-0.0531643568
-0.052779485
-0.0525684378
-0.0536624684
-0.053556111
-0.0530101714
-0.0523997316
-0.0529128292
-0.0531046062
-0.052144307
-0.0539009194
-0.0527952082
-0.0534246764
-0.0521785446
-0.052705601
-0.0535067904
-0.0526571142
-0.051659912
-0.0527942292
-0.053117169
-0.053969637
-0.0528077224
-0.0530220752
-0.0531824546
-0.0528700228
-0.0542670828
-0.0513954048
-0.054766367
-0.052301701
-0.0518325152
-0.0529455446
-0.0532210252
-0.054137044
-0.0523801894
-0.0530606458
-0.0529436836
-0.0525576876
-0.0525721116
-0.0516269248
-0.051941538
-0.0522621998
-0.0523825644
-0.053829265
-0.0528921334
-0.0531046062
-0.0529217182
-0.0545859802
-0.0517538034
-0.0533469248
-0.0531944554
-0.054155462
-0.0537168104
-0.0537226842
-0.053049237
-0.0534216426
-0.0533835858
-0.0533779538
-0.0525387076
-0.0535146034
-0.053238144
-0.053187476
-0.0526609334
-0.052419739
-0.052883196
-0.0533472448
-0.0525940286
-0.051617794
-0.052094938
-0.0530437986
-0.0526785174
-0.0526775386
-0.0530338044
-0.0518595504
-0.05248329
-0.0524834836
-0.051749199
-0.0534225732
-0.0524105784
-0.05331798
-0.0512066428
-0.0518174512
-0.0527915826
-0.0538646754
-0.0511440708
-0.0526512106
-0.0523361322
-0.0520869312
-0.0521998028
-0.0521736498
-0.0518578344
-0.052002956
-0.052931586
-0.053548618
-0.0517239766
-0.052768735
-0.0516052014
-0.0533256964
-0.0517556646
-0.0519547894
-0.0528316942
-0.0524882144
-0.0516082648
-0.0512550328
-0.0527171364
-0.0528081394
-0.0511774264
-0.0515158176
-0.0518818842
-0.0522063652
-0.0508855156
-0.0512123714
-0.0525955212
-0.0515558324
-0.050944879
-0.0525995636
-0.0516895452
-0.0497315112
-0.0513787028
-0.0531462106
-0.0504840872
-0.0512618186
-0.0498447996
-0.0524632826
-0.0509793104
-0.0512081356
-0.050982761
-0.0503849324
-0.0501238274
-0.0501162376
-0.0517211364
-0.0517271852
-0.0519546144
-0.0499084956
-0.0515353598
-0.0519262802
-0.0525965784
-0.0504059188
-0.050586674
-0.052511304
-0.0529406982
-0.0515635004
-0.0509391206
-0.0526236134
-0.051754734
-0.051608827
-0.0519782474
-0.0516446058
-0.0524258362
-0.0526475852
-0.053309992
-0.0527919026
-0.0527115046
-0.0538631826
-0.052639947
-0.0527043504
-0.0523266814
-0.0516158064
-0.0525283746
-0.0522744722
-0.051258193
-0.05080093
-0.0521111746
-0.0527069
-0.0524700386
-0.0530379434
-0.0513353342
-0.0523465138
-0.0523974052
-0.052355306
-0.0518164722
-0.052846293
-0.053677823
-0.0525991468
-0.0517622754
-0.0524307124
-0.0536356754
-0.0520580834
-0.0531800314
-0.051935024
-0.0523324584
-0.0525594036
-0.0521320158
-0.0518434104
-0.0513437094
-0.0531035492
-0.0508566194
-0.0519442328
-0.051310819
-0.0489693576
-0.0519692616
-0.0529699146
-0.051706906
-0.0537544504
-0.0532177198
-0.0508976132
-0.0521701694
-0.0509398092
-0.0502836446
-0.0512345602
-0.052173795
-0.051326222
-0.0528231738
-0.0521060564
-0.052825772
-0.051128668
-0.0533822866
-0.0530372846
-0.0523159312
-0.0545539238
-0.052623245
-0.0531301972
-0.053569556
-0.0511258278
-0.052598633
-0.0528593696
-0.0522992776
-0.0539588868
-0.053046125
-0.0512936034
-0.0528582156
-0.0521147518
-0.0527366786
-0.052668698
-0.0530498474
-0.0523108614
-0.0519692616
-0.0516897388
-0.0508697926
-0.05242667
-0.051459983
-0.0506559536
-0.0510259844
-0.050286068
-0.0502119122
-0.0515625698
-0.0523243548
-0.0511643984
-0.0509794072
-0.052630001
-0.0513231398
-0.0510784652
-0.0513470632
-0.051558479
-0.0527750554
-0.0522059966
-0.0509868034
-0.051028951
-0.050137544
-0.051038644
-0.0525971888
-0.0530033186
-0.0529710872
-0.0520633468
-0.052163607
-0.0526199396
-0.0505466108
-0.0511573706
-0.0514585388
-0.0504164268
-0.0514951998
-0.0515446656
-0.052937121
-0.052374606
-0.051131508
-0.0520466932
-0.0510203526
-0.0534061132
-0.0535431796
-0.051743005
-0.0514562124
-0.052003373
-0.0538530916
-0.0530129632
-0.0511983644
-0.0524209116
-0.0523174724
-0.0532731374
-0.0525954244
-0.0513168678
-0.053156767
-0.0518384858
-0.0514538376
-0.0502646162
-0.0520522282
-0.0513837242
-0.052202546
-0.0503162632
-0.0508566678
-0.0521818984
-0.0522417272
-0.0527237956
-0.0527306298
-0.0520938138
-0.0541928302
-0.0522494434
-0.052656649
-0.0521380162
-0.050829923
-0.0513838694
-0.051920183
-0.051284346
-0.05360296
-0.0504698382
-0.050900967
-0.0513527434
-0.0518341532
-0.051483199
-0.0500576596
-0.0513238956
-0.0515032064
-0.0514206272
-0.0502855542
-0.0496896836
-0.050992949
-0.0511135852
-0.0524964632
-0.0518926826
-0.0516585644
-0.0518654242
-0.0521411764
-0.0516872188
-0.052074737
-0.051226185
-0.0513643272
-0.0512761644
-0.0520744168
-0.052875703
-0.0530117906
-0.051295513
-0.051478081
-0.0514482056
-0.0509233008
-0.0501256402
-0.049800694
-0.0531485854
-0.0514465864
-0.0515882574
-0.0513541876
-0.0512661998
-0.0514685034
-0.0504277874
-0.0510492488
-0.0514669624
-0.0513665568
-0.0505103666
-0.0511029318
-0.0517397964
-0.0518820294
-0.0513707928
-0.0505462906
-0.0502172052
-0.0519238086
-0.0522849022
-0.051397266
-0.050852015
-0.0518977524
-0.0512870894
-0.0512847146
-0.0515553188
-0.0521255018
-0.0507908388
-0.0524569136
-0.0526926214
-0.0501526754
-0.0523092424
-0.051136481
-0.051558159
-0.0516602804
-0.0528592728
-0.053896073
-0.0511564884
-0.051888912
-0.0514055928
-0.0508684936
-0.0522831862
-0.0513640852
-0.052905433
-0.0521077724
-0.0505178596
-0.0520613888
-0.0522809566
-0.0508567162
-0.051605328
-0.051712296
-0.0527343038
-0.0523501394
-0.0518893288
-0.0515023244
-0.0488156376
-0.0519502332
-0.0510337976
-0.0503852524
-0.051332736
-0.0498336326
-0.0502524704
-0.05000704
-0.0517025248
-0.0520184854
-0.0501691354
-0.049067165
-0.052390329
-0.0505039978
-0.0512895126
-0.0506233834
-0.0508502506
-0.051409315
-0.0506405506
-0.0498184234
-0.0502139966
-0.050669767
-0.0504360658
-0.0520551948
-0.052268055
-0.0516028266
-0.0510268182
-0.0515883058
-0.0505581462
-0.0504523992
-0.048769332
-0.0487115098
-0.0511902312
-0.0498920356
-0.0516249184
-0.0507513862
-0.0497128512
-0.0507605466
-0.0508614174
-0.0515877922
-0.0511837468
-0.0510118806
-0.0501916144
-0.051391314
-0.052358883
-0.0509154878
-0.0514654214
-0.051687364
-0.0499231132
-0.050285651
-0.0503220216
-0.0493910354
-0.0487835326
-0.0511606276
-0.0500798186
-0.0496850308
-0.0493425002
-0.0504571972
-0.0492990052
-0.0519251076
-0.0508566678
-0.0502887144
-0.0498890988
-0.0527365818
-0.0499892622
-0.0503585562
-0.0506828436
-0.0491714194
-0.0513555836
-0.0508686684
-0.0508977584
-0.052045569
-0.0507504556
-0.0505735492
-0.0501542944
-0.0513717718
-0.051330778
-0.0512426152
-0.0515701112
-0.0519474414
-0.0502562894
-0.0513963838
-0.05099229
-0.051655676
-0.049272387
-0.0502809982
-0.051541777
-0.0508488062
-0.0502396842
-0.0500146298
-0.0486705644
-0.0500630198
-0.0498272638
-0.0498550358
-0.0492854634
-0.050779255
-0.050039387
-0.0502869502
-0.0507427206
-0.0505927712
-0.0512560118
-0.049220323
-0.0503990846
-0.0508330348
-0.0513660432
-0.0506643288
-0.050623577
-0.0496228272
-0.050816653
-0.0495293526
-0.049127217
-0.0522140034
-0.0514741354
-0.0492891858
-0.0499150582
-0.0511884966
-0.0503911264
-0.0504803166
-0.0495632704
-0.0493945642
-0.0502698796
-0.0496083066
-0.0494715788
-0.0494284334
-0.049325333
-0.0502841584
-0.0504880328
-0.0499686146
-0.0487533856
-0.048980573
-0.0496929406
-0.0494674208
-0.0497268582
-0.0523602788
-0.0497172324
-0.0503474376
-0.0500223946
-0.0521384814
-0.0510137902
-0.0509467886
-0.0494572814
-0.0500843264
-0.0505226094
-0.0508970994
-0.0498763424
-0.0499337664
-0.0496307372
-0.050403127
-0.05018985
-0.0498066942
-0.0507963254
-0.0503780498
-0.049795721
-0.0511970654
-0.0505027472
-0.0509274884
-0.0502353514
-0.0498355422
-0.049708392
-0.0501130774
-0.0495724792
-0.0525957446
-0.0506973158
-0.0504767394
-0.050436531
-0.051022359
-0.049913022
-0.0505986746
-0.0511604528
-0.050880029
-0.049419835
-0.0496572586
-0.0503528758
-0.0511134102
-0.0508665356
-0.0511308492
-0.0514082392
-0.0503409236
-0.0500550132
-0.0502899652
-0.050660558
-0.0514084328
-0.0506829404
-0.0503091872
-0.0495315824
-0.0492442464
-0.048109367
-0.0502997548
-0.051369717
-0.0528347576
-0.0514876286
-0.052112619
-0.0523639528
-0.0509044958
-0.0507916726
-0.0499672188
-0.050154488
-0.0503788836
-0.051764922
-0.049983824
-0.051105452
-0.0515980286
-0.0512445248
-0.0515449856
-0.0499467946
-0.0501655582
-0.0499142728
-0.0496344594
-0.0504848726
-0.0520531104
-0.0521063766
-0.0492523796
-0.0512119062
-0.0508973414
-0.050163697
-0.0497425812
-0.0503924254
-0.0499279894
-0.0512382824
-0.0496415356
-0.0491263348
-0.0495164698
-0.051201573
-0.0490107684
-0.0494409962
-0.0517492474
-0.0522533594
-0.0515389854
-0.0498026034
-0.0488061866
-0.0498882166
-0.0496210144
-0.0513154236
-0.0512709494
-0.0517992564
-0.0507251848
-0.0488933704
-0.0492900678
-0.0509177174
-0.05165144
-0.0507704146
-0.0501521132
-0.0512755056
-0.0512974224
-0.050237261
-0.050564757
-0.0525330758
-0.0508589942
-0.0502354482
-0.0498716598
-0.0503144506
-0.0506247792
-0.0499208836
-0.0515157692
-0.0505554512
-0.0485236784
-0.0498933348
-0.0506880584
-0.0488352764
-0.0487012734
-0.050238657
-0.050380473
-0.0497376568
-0.0505226094
-0.0498546674
-0.0498068394
-0.0510892636
-0.0504011206
-0.0504582544
-0.0514191828
-0.0512936034
-0.0517512834
-0.0504955742
-0.0509668928
-0.049134293
-0.0494239742
-0.0504102516
-0.0500471032
-0.050325249
-0.050166634
-0.0495743404
-0.0515543882
-0.0509482328
-0.0510790758
-0.0510790758