0.0244704244
0.0245523686
0.0249504002
0.0252425266
0.0242733388
0.024906601
0.024452904
0.0252007778
0.0250880582
0.0245009774
0.0252018256
0.0252212744
0.024626304
0.0239808318
0.0250763624
0.0245238704
0.0246765636
0.0264817144
0.0244219944
0.0246197574
0.0240674008
0.0238434398
0.0240029432
0.0252613878
0.0250103686
0.023374456
0.0244352776
0.0253930612
0.0238527408
0.0270966176
0.0258566394
0.0246134244
0.0249606384
0.0232864242
0.0246950352
0.0256534622
0.0250653212
0.0256297188
0.024439455
0.0246505302
0.0258311896
0.0251481874
0.0256226964
0.0246276794
0.0256281034
0.0254701878
0.0270012654
0.0251802202
0.0237493194
0.0248800202
0.0238018082
0.0264618712
0.024167683
0.024406627
0.0234925446
0.0247182964
0.02335502
0.0246009472
0.0237627958
0.0252818314
0.0242383958
0.0244325036
0.025114639
0.0251211736
0.0250981388
0.0247495562
0.0249342748
0.0242837748
0.0259427198
0.023791702
0.0245379394
0.0247126886
0.024526512
0.0243910154
0.0245963844
0.024039563
0.0241944046
0.024690359
0.0254952768
0.025491724
0.0250295264
0.0253751498
0.0260385978
0.0266009168
0.0262882802
0.025082923
0.0257685978
0.026168606
0.0255937064
0.0269871534
0.025586985
0.02743013
0.0261035854
0.0261898942
0.0254743962
0.0261915002
0.0238592952
0.0261409494
0.0264590202
0.0256815144
0.0253091594
0.0252525434
0.024874585
0.0272077568
0.0253650572
0.0255566704
0.0254790202
0.0264742728
0.0262026378
0.0250072684
0.0264783044
0.0252937652
0.0253641578
0.0259501968
0.0267935774
0.0249490942
0.0263852212
0.0256634936
0.0259491364
0.0272751328
0.0254625344
0.0270506836
0.0271771772
0.0257602422
0.0246844496
0.0238898962
0.0244669718
0.0263801494
0.0254381412
0.0252881002
0.0256428294
0.025569043
0.0253474242
0.0246386988
0.0264097902
0.0249893844
0.0247443106
0.0248878664
0.0239335304
0.0263101474
0.0239058758
0.0252840256
0.0239628794
0.0270712004
0.0259884632
0.02410371
0.0248457706
0.025677867
0.025768074
0.0256967118
0.0256806584
0.0260720446
0.0246628564
0.025269733
0.0257549018
0.024512319
0.024873844
0.0260243436
0.0261940784
0.0260732978
0.0248205932
0.0252697354
0.0257687556
0.0249115898
0.0250815068
0.0254179304
0.0250172002
0.0261349824
0.0261138098
0.0259457094
0.0256190004
0.024763834
0.0248684082
0.0249422864
0.0251652294
0.0251913338
0.0240905238
0.0265348512
0.0242033752
0.0255939048
0.0264384958
0.026231058
0.025517318
0.025432544
0.0257142122
0.0257168882
0.0260499224
0.027291626
0.026196909
0.0253153686
0.0258608244
0.025914887
0.027224526
0.0262184802
0.0269058338
0.0260475752
0.0255377904
0.0264061394
0.025547834
0.0246433096
0.0263706586
0.0271639746
0.0259711116
0.024537414
0.0260518428
0.0262233996
0.0256436876
0.0262578004
0.0262240172
0.0245343574
0.0267730182
0.0246470036
0.0245694306
0.0250561052
0.0249954532
0.0259229338
0.0259496788
0.0257669018
0.0249258824
0.0253588102
0.0256675258
0.0245359952
0.0256364494
0.0250940806
0.025852028
0.025098393
0.0256910504
0.0262521016
0.0277722502
0.0265780818
0.0265345042
0.026393163
0.0266036184
0.0262944358
0.0267371802
0.025949007
0.0256948874
0.027130689
0.0264409728
0.026163991
0.0257893588
0.0262164506
0.0260091444
0.025709431
0.0239551456
0.025614194
0.0265963344
0.0261920798
0.025932894
0.0246492626
0.026085619
0.0263641462
0.0253684378
0.0262526144
0.0255014294
0.0259308182
0.0264526654
0.0260097478
0.0264669278
0.0256606844
0.0277622532
0.0260203582
0.025792753
0.0259816864
0.0260609738
0.0262404566
0.025347308
0.0269986478
0.025957269
0.0255269516
0.026295678
0.0245619544
0.0245619544