-0.0700804206
-0.0693145748
-0.0697353754
-0.0693896724
-0.0699703966
-0.0708144836
-0.072457525
-0.0715065448
-0.0699589778
-0.0694873802
-0.0705063656
-0.0687097788
-0.068314848
-0.0707625566
-0.0703195164
-0.0713094736
-0.0713699198
-0.0706369278
-0.0701883714
-0.0701999374
-0.0703888024
-0.070500713
-0.069767347
-0.0693441724
-0.0704915978
-0.0707578964
-0.0701630422
-0.071301929
-0.0709157622
-0.0700929418
-0.070427656
-0.0691071228
-0.0711205652
-0.070286604
-0.070919522
-0.0709006786
-0.0708546112
-0.070615936
-0.0698282818
-0.0697465844
-0.070012143
-0.0689450576
-0.0697098096
-0.0703459158
-0.0704227244
-0.0693228788
-0.0692483014
-0.0704271308
-0.0709054628
-0.069917544
-0.0715987118
-0.0708865598
-0.0693599204
-0.0683564442
-0.0695356558
-0.0710298326
-0.0691926488
-0.0709199594
-0.0714412982
-0.0699602206
-0.0707299962
-0.0703719478
-0.0700467832
-0.0710572106
-0.0704240236
-0.07095624
-0.0699662832
-0.072514365
-0.0693293376
-0.069651449
-0.0703533072
-0.0709332188
-0.0705015566
-0.0713561446
-0.0699855776
-0.0708549082
-0.070640545
-0.0705686702
-0.0701011944
-0.0710967418
-0.0702159462
-0.07146824
-0.071214817
-0.0715470334
-0.0703046414
-0.0712743184
-0.070025307
-0.0715371734
-0.0696038966
-0.0693355786
-0.0702753264
-0.0711276314
-0.070748798
-0.0709508556
-0.0705394892
-0.0703490428
-0.0710318826
-0.0707454054
-0.0707889356
-0.0698140964
-0.0707962112
-0.070781685
-0.0706166212
-0.0711791668
-0.0720045662
-0.0712611012
-0.071042568
-0.0693834862
-0.0707040946
-0.069034387
-0.0698678598
-0.070073292
-0.0715210438
-0.0730111144
-0.0711509152
-0.0706330996
-0.070502912
-0.0705885578
-0.072077337
-0.0699170472
-0.0711768084
-0.0700489998
-0.0700543762
-0.0709786774
-0.0697352948
-0.0705001922
-0.0703091488
-0.0701032966
-0.0694783938
-0.0695222842
-0.0711311238
-0.0700133742
-0.0696177614
-0.071306823
-0.0711417638
-0.0709007534
-0.0693621336
-0.0691995984
-0.0693739216
-0.0701619572
-0.0695279052
-0.0689116922
-0.0709042136
-0.0700758594
-0.0695321656
-0.0709820286
-0.0674048718
-0.069209461
-0.0703558102
-0.0697596782
-0.0710198842
-0.0719860836
-0.07035566
-0.0692770616
-0.0703496272
-0.0706959062
-0.0695471192
-0.0698304316
-0.0695757584
-0.0701648874
-0.0708957276
-0.070629999
-0.070438714
-0.0704003916
-0.0725130772
-0.0708794942
-0.0700797016
-0.071730567
-0.070141503
-0.070029003
-0.0707119378
-0.0704834622
-0.0697526756
-0.0706789864
-0.0713035152
-0.071018425
-0.0709370366
-0.0715720646
-0.0716345314
-0.0710694068
-0.0730550724
-0.070972296
-0.0710328298
-0.070906525
-0.0714494984
-0.0705921458
-0.0701424268
-0.0712473526
-0.0715029552
-0.0708343506
-0.0699910506
-0.0702276618
-0.0714322528
-0.07014897
-0.0721057158
-0.06954907
-0.0720124104
-0.070098031
-0.0704957014
-0.0703341126
-0.0695952614
-0.070443517
-0.069934252
-0.071746682
-0.070893159
-0.0703305018
-0.070566438
-0.0694995894
-0.0697484366
-0.0707804764
-0.0699815952
-0.0711095874
-0.0708724572
-0.0716916634
-0.071481816
-0.0703878036
-0.071405281
-0.071458653
-0.071008347
-0.0710406748
-0.0706891598
-0.0717618386
-0.0721321352
-0.0715696966
-0.0717810492
-0.0708789844
-0.0707233274
-0.0701754328
-0.0722067984
-0.0710439634
-0.071381432
-0.0719221142
-0.0702228806
-0.0710239918
-0.0716247632
-0.0724930058
-0.0709210164
-0.0715496372
-0.0715795382
-0.0703161512
-0.0713413766
-0.0695644966
-0.0710248896
-0.071949778
-0.0706492286
-0.0722510244
-0.071284781
-0.0695141844
-0.0706663808
-0.0706386362
-0.0700438882
-0.0722698786
-0.0710006786
-0.071123897
-0.072016792
-0.0711381856
-0.072070113
-0.071225852
-0.0709135102
-0.0703474268
-0.0708032786
-0.0712827962
-0.070535402
-0.0688118946
-0.0698229914
-0.070936066
-0.0700263146
-0.0708000298
-0.0707225818
-0.072282786
-0.0713849914
-0.0716846888
-0.0705849528
-0.0712473116
-0.0706466676
-0.0731168436
-0.07044226
-0.0704238838
-0.0717468998
-0.0710888046
-0.0714913206
-0.0709044154
-0.0709316596
-0.0703664172
-0.0689187326
-0.0703214906
-0.0713698382
-0.0693818432
-0.07216485
-0.0717306608
-0.0706128518
-0.0707531024
-0.0693083072
-0.0695849608
-0.0712220648
-0.0699758768
-0.0703324722
-0.0699767334
-0.0697626262
-0.0714115422
-0.0700192572
-0.0709371066
-0.0696834464
-0.0713198326
-0.0715507694
-0.0702890828
-0.0700968824
-0.0700728332
-0.0701506572
-0.0707767862
-0.0718516346
-0.0708310346
-0.0710580686
-0.0713931592
-0.0717931046
-0.0717559754
-0.0707080448
-0.0700675714
-0.0708703128
-0.0701571922
-0.0692559684
-0.071343072
-0.071797603
-0.0720790536
-0.071429429
-0.0712656468
-0.0708778746
-0.0700992992
-0.0720968532
-0.071172409
-0.0701365544
-0.0718576778
-0.0698075406
-0.0698576018
-0.0705619094
-0.0717007204
-0.0690322082
-0.069428182
-0.0698467884
-0.0710642112
-0.0705444598
-0.071298614
-0.070663624
-0.0727042482
-0.0707939176
-0.0704277532
-0.0706115122
-0.071059235
-0.0712871672
-0.0715529566
-0.0708104442
-0.0712585296
-0.0714501116
-0.0707286574
-0.0719823632
-0.0719865408
-0.0731373252
-0.072283216
-0.0727433474
-0.0710292272
-0.0728727496
-0.0719346894
-0.0698130696
-0.0709822212
-0.0702118552
-0.0721190294
-0.0711384918
-0.0718167418
-0.070952926
-0.0722927556
-0.07069329
-0.0715692098
-0.0716737326
-0.0723097594
-0.0720718152
-0.0714607506
-0.0714706762
-0.071138438
-0.0721707136
-0.072225724
-0.071932447
-0.0721215486
-0.0734445478
-0.0711647264
-0.0701825104
-0.0706280144
-0.0718066382
-0.071883886
-0.0723449514
-0.0718986426
-0.0706135558
-0.0721476052
-0.0706121076
-0.0714673702
-0.0717244954
-0.071274432
-0.0724455538
-0.0715054486
-0.0704310868
-0.0703878932
-0.0700740428
-0.0698383954
-0.0714783646
-0.0703648848
-0.0708231208
-0.0713402842
-0.0693069076
-0.072574211
-0.0710935748
-0.071896469
-0.072136164
-0.0725058702
-0.0711767432
-0.0722169146
-0.0718076476
-0.0717742482
-0.0703732554
-0.0727313226
-0.0710357586
-0.0717053614
-0.0717396922
-0.0709362694
-0.0720009566
-0.071547226
-0.0714238322
-0.0718658972
-0.0708440124
-0.0715137762
-0.0717848962
-0.0713808388
-0.0713519508
-0.0702408136
-0.0725742884
-0.071355777
-0.0711428992
-0.0715780718
-0.0708182006
-0.0722523684
-0.0724482978
-0.0722877282
-0.0717849302
-0.0732129512
-0.0718094604
-0.072806772
-0.072873975
-0.0725718258
-0.0714102278
-0.07068429
-0.0722687938
-0.071577706
-0.0711168032
-0.071441508
-0.070825823
-0.0711296126
-0.0702010264
-0.0719431176
-0.0692769208
-0.0705740484
-0.069978489
-0.071564498
-0.0698370704
-0.071438764
-0.0711408002
-0.0704569144
-0.0699766806
-0.0705992496
-0.0714434724
-0.070805662
-0.0705947322
-0.0685352904
-0.0716315664
-0.0714729162
-0.0713548042
-0.072379119
-0.0721068592
-0.0712724312
-0.071127935
-0.0712532296
-0.0701440474
-0.0703778098
-0.070135575
-0.072829375
-0.0703523362
-0.0709109428
-0.069959129
-0.0713917602
-0.0720787946
-0.0707112358
-0.0719723524
-0.072174484
-0.0718817082
-0.070591941
-0.0734792664
-0.0730905756
-0.0717998282
-0.0710861746
-0.0718103148
-0.0720248228
-0.0715433166
-0.0723917872
-0.0715692078
-0.0724631488
-0.0722607982
-0.0722607982