0.0271145518
0.027352569
0.027199167
0.0274134192
0.0276181508
0.0271123252
0.027610741
0.0286733378
0.0265591112
0.025386894
0.0272936792
0.0270053174
0.0268365576
0.024768083
0.0275893046
0.0262664706
0.0277009334
0.0261348554
0.0273438112
0.0270130598
0.028529229
0.0258725166
0.0274435796
0.0275715542
0.027824117
0.0255562352
0.0271870922
0.0256238046
0.0280903698
0.0269570044
0.0271502316
0.0264648146
0.02562643
0.0268415152
0.0250536986
0.0273920362
0.0246937618
0.0260288968
0.0270447184
0.0278266654
0.0266889932
0.027032605
0.0285997238
0.0274918624
0.0274184458
0.028945687
0.0278279706
0.026555018
0.027201582
0.0264099556
0.026956275
0.0277408264
0.0270853158
0.0280607594
0.0272843544
0.0273374692
0.0275236256
0.0281071892
0.0274776454
0.0286107524
0.027497453
0.026039759
0.0270990786
0.0260383454
0.0252114648
0.0248383776
0.025820998
0.0270037204
0.0260066828
0.0264177274
0.029021874
0.0258945026
0.0268240082
0.0266115076
0.0270020674
0.0269600198
0.0275119262
0.027169641
0.026352784
0.0266556086
0.027160943
0.0255646516
0.026664086
0.0258677532
0.0263649978
0.0265123988
0.0255021272
0.0264695268
0.0261416964
0.0257617906
0.0262076866
0.0252480926
0.0263776218
0.0255973834
0.0269587634
0.0263423298
0.0268632998
0.0250215992
0.026215841
0.0254371434
0.025752048
0.024795907
0.0263808704
0.0283802124
0.0273299664
0.0269349582
0.0260838768
0.0269025078
0.02690815
0.0268878956
0.0276618402
0.0277528968
0.0264451116
0.0252478238
0.0264950012
0.025149117
0.0272207152
0.0254260128
0.027072702
0.0267034436
0.0265360284
0.0269034212
0.027858949
0.0263788122
0.0276616312
0.0257962904
0.0270432542
0.0265860198
0.0273713074
0.0271875192
0.0265025768
0.0256715436
0.0280119608
0.026667138
0.0260839684
0.0268719008
0.026661983
0.0272753794
0.0274924032
0.026976797
0.0283162084
0.0271696592
0.0274973202
0.0276013488
0.0261632172
0.027757101
0.0272737432
0.0250457632
0.0269545834
0.0265299858
0.025856628
0.0277404886
0.0273703636
0.0267549828
0.0283414724
0.0264788442
0.0265600426
0.0280433874
0.027280061
0.0271197794
0.0263422322
0.0286489246
0.0286449818
0.026646769
0.0258632202
0.0255628904
0.0280408154
0.0265006902
0.0272876954
0.0269713822
0.0274137006
0.0266506994
0.0272701582
0.0271843324
0.0284020648
0.0270034658
0.0271381874
0.02785342
0.0271104038
0.0273721966
0.0279052928
0.0262859922
0.0282560588
0.028048757
0.0261940074
0.0270359782
0.0264428558
0.027243451
0.0264115818
0.0259275856
0.0258653724
0.0270000132
0.0266243608
0.0273267106
0.0267998578
0.0272174692
0.0266804544
0.0280052606
0.0275900698
0.0269706566
0.0278721562
0.0276277812
0.0275749566
0.0278707116
0.02696503
0.0281582852
0.0268652782
0.0266012872
0.0276317922
0.0276013216
0.0290149972
0.0281211754
0.0263445142
0.02720936
0.027254478
0.0265441782
0.0277139956
0.0265821986
0.0263209966
0.0273458458
0.0286825214
0.0275404724
0.026194333
0.0269371048
0.0258333202
0.0267927628
0.0264451798
0.0264475386
0.0278441672
0.0264605928
0.0259321786
0.0248706702
0.0260635302
0.026350429
0.0261467222
0.0269637594
0.0275787608
0.0268010536
0.0267980472
0.0266125608
0.0252231132
0.0273631584
0.0255964644
0.0260288516
0.0255428238
0.0270714318
0.0262570132
0.0261368184
0.0277316286
0.0270919786
0.0254749314
0.02657565
0.0268047058
0.0255532472
0.026191887
0.026124311
0.0247368146
0.0248910292
0.0255972732
0.0255178366
0.025431072
0.0238958724
0.0264853638
0.0266539208
0.0264968736
0.0268371934
0.0254722194
0.0256172426
0.0273789732
0.0256201802
0.0254304332
0.0261158882
0.0253374096
0.0252554266
0.0245842304
0.0263204894
0.0266951036
0.0262548536
0.0271836344
0.025498864
0.0266985444
0.0253245632
0.0259154952
0.0260283934
0.0266062938
0.0267097202
0.0260424452
0.0250423992
0.0259241394
0.0269299916
0.0266621816
0.0260220766
0.026667893
0.0271754944
0.0253910348
0.026868777
0.0253705
0.02651308
0.025111797
0.0273083958
0.0277637278
0.0259759714
0.0273045416
0.0272278654
0.0263924676
0.027837382
0.0270033784
0.026052014
0.0276770262
0.027487706
0.0281807194
0.0279037786
0.0267657818
0.0281375906
0.0286735324
0.0264072612
0.0275501822
0.0290090886
0.0266072744
0.026577887
0.0282951496
0.0273584824
0.0267720454
0.0288989476
0.0288744916
0.0294587904
0.027317951
0.0268391606
0.0278776506
0.0275747104
0.0268028158
0.0263584298
0.0270041506
0.0263265964
0.0267315824
0.0280588548
0.0266321406
0.0264643174
0.0263618052
0.0272528574
0.0279761568
0.0259499662
0.0271317402
0.027776153
0.0279949692
0.02874347
0.028168404
0.0288693928
0.0266497356
0.0271952456
0.0276942244
0.0280423832
0.027666098
0.0265489094
0.0274545808
0.0268294886
0.0296979454
0.0273914496
0.0298497694
0.0265872932
0.0272783568
0.0267048624
0.0254328664
0.0268416254
0.0280367076
0.026040722
0.0253902842
0.0252126262
0.0257880048
0.0273537294
0.0272070822
0.0275288888
0.0279212414
0.0269542732
0.0268005084
0.0272071372
0.0274465846
0.0259457484
0.0275807462
0.0279886468
0.0273775218
0.0270221422
0.0286430618
0.0273013592
0.0287205538
0.027582785
0.0265732818
0.027215034
0.0277776036
0.0271705862
0.0272529968
0.0274715142
0.0290977702
0.0272220252
0.0275895676
0.0268622274
0.0276019702
0.02671545
0.025523153
0.0261971312
0.0263423088
0.0273108944
0.0261591216
0.027783056
0.02665776
0.0276050568
0.0276572982
0.0269990638
0.0274673862
0.0272307352
0.0289479822
0.028319737
0.0267860546
0.0275033262
0.0280300656
0.0278800306
0.0286340088
0.027561615
0.0279530668
0.0272261482
0.0270484702
0.0271490252
0.028365516
0.028368048
0.0277478522
0.0289174554
0.026482817
0.0274991816
0.027739323
0.0276297364
0.026785182
0.0264765068
0.026417655
0.027651088
0.0274455182
0.0264424824
0.028792134
0.0280955
0.0278588254
0.0277562098
0.0265741684
0.0272921194
0.0279262022
0.0276178114
0.0286622172
0.0282382296
0.0284866588
0.027494165
0.0273300954
0.0269173036
0.027862709
0.0266867804
0.0274212022
0.0275006594
0.0282982488
0.0268917834
0.0292987778
0.0294245016
0.0292280314
0.0287283394
0.0277659912
0.0282525784
0.027929497
0.0273842262
0.0271136476
0.0269709884
0.0267226978
0.0281463044
0.0276130018
0.0277400732
0.0270261852
0.0283907
0.0282754426
0.0273407258
0.027983541
0.0281807264
0.0281093292
0.0284659034
0.0279539818
0.0282246548
0.0275168606
0.0282479824
0.0283758386
0.0278256498
0.0279439266
0.0288715042
0.0288983838
0.0278720438
0.028182314
0.0280991996
0.0267577574
0.028074368
0.0284596102
0.0271742188
0.0262717422
0.0265717322
0.0274732256
0.0257559166
0.027595084
0.0279926824
0.0288765424
0.0282082316
0.0272197052
0.0282056382
0.026214427
0.0282409006
0.027494431
0.0271291136
0.027672093
0.0271692708
0.0266369532
0.0277755286
0.0280947602
0.027534517
0.0280055012
0.0280557356
0.0276051104
0.0283151878
0.0274038786
0.027862218
0.027411964
0.0277294436
0.0276684798
0.028443401
0.0282090916
0.0283434228
0.027969306
0.0276289966
0.0274827968
0.0271289582
0.027640155
0.0271467496
0.02723204
0.0272805372
0.0274224964
0.0263860202
0.0275843662
0.0283959342
0.027851624
0.028826553
0.027360243
0.0284913416
0.0252570786
0.0260434226
0.026127638
0.0268897362
0.0278440126
0.0268518168
0.0275797114
0.0272020694
0.0270005836
0.0275646048
0.0276272294
0.028857898
0.0286374676
0.0263057846
0.027225349
0.0264940904
0.0260797942
0.0268155764
0.0264822202
0.0277416788
0.0277101506
0.0275729358
0.026221683
0.027803852
0.0268307038
0.027997932
0.0275707848
0.0265980176
0.0279196248
0.0276826564
0.0279497078
0.027425674
0.0282103842
0.0278414996
0.0269909016
0.0267486066
0.0270735516
0.0266771498
0.0278212984
0.026721876
0.0288262696
0.0305774806
0.0294772388
0.028070483
0.0281452708
0.026496733
0.0268636676
0.0282223306
0.0264509586
0.0258354288
0.026528463
0.026762193
0.0255603582
0.0260541378
0.0269046586
0.027885401
0.0272918214
0.026103492
0.0276806234
0.0263698768
0.0253676822
0.0273749858
0.027027015
0.0280592206
0.027333001
0.0263993438
0.027908888
0.0261272268
0.0280578164
0.0262907844
0.027251996
0.0278413754
0.027414876
0.0267200282
0.0267619578
0.026725183
0.0270452876
0.0257643528
0.0266337648
0.0265568282
0.025471622
0.0264348254
0.0260265852
0.0274996008
0.0263955696
0.026244333
0.028323921
0.027620032
0.0274791634
0.026745978
0.0265493328
0.0261798564
0.0276354166
0.0269725286
0.0267557852
0.0263275192
0.0271198836
0.0264559274
0.0260753272
0.0264232806
0.0260262678
0.0263241332
0.029298439
0.0261626274
0.0273855294
0.0262728348
0.0263135656
0.0266582164
0.0259492182
0.0270022934
0.0281379548
0.0275341508
0.0277162872
0.0269044066
0.0269566138
0.028425792
0.0279962378
0.0275161046
0.0278579918
0.0259849468
0.02753853
0.0278776064
0.0269212464
0.028286737
0.0269786828
0.0271552644
0.028290402
0.0269372088
0.0272671094
0.026603501
0.0260540702
0.0266968638
0.027634206
0.0274478456
0.0271320904
0.027053407
0.0270132888
0.0273858854
0.027909631
0.0273377438
0.0279954054
0.0286405398
0.0282315992
0.0282677878
0.028483198
0.0282825142
0.0282963908
0.026594858
0.0259493498
0.0285034788
0.0291343196
0.0286551298
0.0285172402
0.027362739
0.0270529514
0.0276630472
0.0267529346
0.0290275052
0.0277342556
0.0258810174
0.0272661382
0.0269162028
0.0278866798
0.0258872592
0.0272804466
0.0280352038
0.0268233244
0.0263977232
0.0275580218
0.0280963954
0.027749868
0.0275387966
0.0281483952
0.0259277586
0.0267525582
0.0261159016
0.0269365934
0.0278138302
0.0250406418
0.0278118944
0.0271518138
0.0263942852
0.0259182776
0.0273496342
0.0265836426
0.0253817104
0.0259558556
0.0273946744
0.0269069062
0.0273417544
0.0277224062
0.0270801182
0.0254821212
0.027115891
0.0260574324
0.027106938
0.0263359996
0.0264431466
0.0265011464
0.0265006176
0.0258193722
0.0263943072
0.027571983
0.025660333
0.0278184428
0.0263763628
0.0264595192
0.0270909794
0.0268646102
0.0249897228
0.025937755
0.0266445114
0.0267606092
0.0273008174
0.0277808006
0.0268716292
0.028764424
0.027905318
0.0272662174
0.0266682142
0.0267845612
0.0273780968
0.027971161
0.0273264638
0.026871679
0.0258834044
0.0263380974
0.0263537348
0.0293542054
0.0278174938
0.0290603046
0.028232147
0.028687282
0.0273131496
0.026773814
0.0286622416
0.0279265424
0.028857141
0.0273124454
0.0277158044
0.0273672744
0.0270877936
0.0284402586
0.0276176018
0.0270984982
0.0269336782
0.0262175036
0.0277751098
0.0275244866
0.0282118746
0.02789757
0.0281077412
0.027261043
0.027076092
0.0277200256
0.026549509
0.0267502654
0.0263306286
0.0263606552
0.0283571918
0.0268479698
0.027228778
0.028041521
0.0267355238
0.026345984
0.0267910514
0.0264227626
0.0264300832
0.0266360238
0.0276736312
0.0266333772
0.0263883932
0.026869582
0.025205694
0.0261685686
0.026603973
0.0257802486
0.0268941842
0.0261129316
0.0276893942
0.0260923412
0.027532115
0.0270499718
0.0267788954
0.027074143
0.026338517
0.0260586808
0.0262854734
0.0275475834
0.0277013752
0.0288437352
0.02807774
0.0290022768
0.0278665502
0.0270040852
0.0266103122
0.0269435786
0.0268372674
0.0285049908
0.027593222
0.0263434448
0.0272538522
0.0278009072
0.0285910376
0.0268192256
0.0268998958
0.0283716226
0.0276689546
0.0271273422
0.0259156174
0.0285426666
0.0284601794
0.0277602858
0.028397463
0.0264300336
0.0266112388
0.0274774096
0.0271634334
0.0273788346
0.0279552996
0.0282577536
0.0279190948
0.0285637276
0.0279306502
0.0275466742
0.026611614
0.0263904516
0.027777185
0.0285044988
0.0266090066
0.0268804872
0.027061396
0.0269746408
0.0260507916
0.0268656066
0.0267850896
0.0248771398
0.0273124386
0.0274392142
0.0282200114
0.0271155856
0.0273511196
0.0274092768
0.0260328622
0.0265187954
0.0287680776
0.0278723906
0.0263287784
0.0268021896
0.0259372972
0.027033459
0.02592063
0.0255669748
0.0272395328
0.0295131754
0.027142784
0.0272342326
0.0283810864
0.0282158254
0.0280903036
0.0272842464
0.026670482
0.0266109408
0.0272743486
0.0267122392
0.026962976
0.026051263
0.0268552142
0.0263762056
0.0258528416
0.0272764676
0.0269584022
0.0265821036
0.0277755336
0.0279762116
0.0288794314
0.0275977954
0.0280258206
0.026974857
0.0262662462
0.0276855936
0.0274563268
0.026612852
0.026843022
0.027665131
0.0276449882
0.028199828
0.0277669886
0.0279519344
0.0274917392
0.0271286254
0.0279346708
0.0275884502
0.0263922596
0.0275488812
0.0270748866
0.0269339928
0.0258211256
0.0274269762
0.0271380512
0.0282679064
0.0263172868
0.026626228
0.0278503792
0.027801041
0.0272049152
0.0268245964
0.025930148
0.0252403122
0.0274070242
0.025910964
0.0271671714
0.0265848054
0.025797381
0.027608428
0.026337907
0.0263863384
0.0264614472
0.0262884534
0.0263245816
0.0250157614
0.0253550766
0.0253960464
0.0263672482
0.0267710484
0.0252413116
0.0255969756
0.02758999
0.0243553814
0.0259725946
0.0263395324
0.02681889
0.0254211118
0.0251441196
0.0257202182
0.0255404962
0.0259210236
0.0255127346
0.027027693
0.0277960376
0.0294561654
0.0274793958
0.0265185486
0.0259303042
0.0273044852
0.0251724808
0.0252422288
0.026401232
0.0264879742
0.0264597246
0.0272263878
0.0274164424
0.0266388262
0.0268605428
0.026003892
0.0283066484
0.0261651942
0.0272726134
0.0276641414
0.024834835
0.0267055152
0.0263268094
0.0269368632
0.0264035446
0.0260390314
0.0262209694
0.0264170968
0.026661418
0.0253325858
0.0259220406
0.0266615278
0.0259887756
0.0269062672
0.0263316768
0.0270766762
0.0266567524
0.0265870844
0.026593187
0.0283880632
0.0285464164
0.0266383706
0.0268097678
0.0275093202
0.026865267
0.0275578152
0.028118572
0.0267208222
0.0266848706
0.027055761
0.0273460606
0.0253388528
0.027370305
0.0273321124
0.0278878892
0.0276108676
0.027876305
0.0269651412
0.0263805606
0.0282607214
0.0269490772
0.029017827
0.02815603
0.027783906
0.0283183914
0.0283522422
0.0283295662
0.0287182412
0.0282668032
0.0279229906
0.0281719802
0.0274947322
0.0276682874
0.0278687566
0.028462984
0.0294785974
0.0276482128
0.0276341674
0.0281694464
0.0275900836
0.0279704518
0.0266998078
0.026389817
0.0276859588
0.0271374896
0.0271332268
0.0274979032
0.028379223
0.0270547386
0.0278077332
0.0271550192
0.0266884424
0.0279816816
0.0282066764
0.0276271264
0.0274080048
0.0270886446
0.0275407592
0.0264270672
0.0274176446
0.0294839814
0.0271273814
0.0270322598
0.0265469706
0.0258193632
0.0265340474
0.0261870974
0.0267860094
0.0270201542
0.0266034084
0.0279861808
0.0269128056
0.0267189112
0.0267324268
0.0267532308
0.0258791948
0.0268638066
0.0248816086
0.0260065216
0.026998589
0.0281010156
0.0287554874
0.0276192622
0.0282029936
0.0277489528
0.0267994094
0.027875725
0.0261713898
0.0261912314
0.0272541252
0.02691999
0.026937433
0.0270251896
0.0279220142
0.0278632192
0.0277626832
0.0280298822
0.0279616954
0.0285952252
0.0268856704
0.027136063
0.0285729458
0.0289733572
0.02803462
0.0284295614
0.0263966358
0.02854964
0.0280251028
0.0275341276
0.0294894508
0.027861084
0.028770938
0.0284592102
0.0275168398
0.0283449642
0.0267502354
0.0284046206
0.0282292998
0.0280288112
0.028829508
0.0281774176
0.0275573382
0.0264977672
0.0278292408
0.0279677664
0.0269653402
0.0280571088
0.0278532774
0.0281791952
0.0274203216
0.0279034572
0.0273535274
0.0270559232
0.0272815974
0.0277121916
0.0256872636
0.027379074
0.0285410154
0.0269262418
0.0260971892
0.025877017
0.0272816436
0.0264862276
0.0266010076
0.0270369882
0.0272927582
0.0275846506
0.0273702054
0.0266016576
0.0280974672
0.0274196274
0.0271208408
0.0269102636
0.0271859638
0.0277189538
0.0273618778
0.0294794986
0.0285745586
0.0278747672
0.0288357572
0.0279645822
0.0268209704
0.0287671856
0.0284739798
0.0276848092
0.0271644634
0.0278630908
0.027295443
0.0271946888
0.0265382764
0.0276367554
0.0269702226
0.026567092
0.0269298656
0.0266438628
0.0271870578
0.0265501888
0.0257033292
0.0274426632
0.0276623556
0.0273997882
0.0265387246
0.0268395282
0.0272707504
0.0279177016
0.0277327956
0.0260809652
0.0276016268
0.0264190212
0.0261380978
0.0280841556
0.0277724484
0.027928608
0.0276856502
0.027107598
0.0278051102
0.0292479428
0.027059108
0.0290002158
0.0273478622
0.0269727178
0.0281472084
0.0271872958
0.02587504
0.0273159386
0.0271526198
0.0270780824
0.027289831
0.0284493874
0.028242394
0.02683879
0.0279457762
0.0286131952
0.027200953
0.0279962398
0.0281174212
0.026918586
0.0264760644
0.0267954198
0.0254836504
0.0276228026
0.0275050782
0.0289880218
0.0290000584
0.0277239604
0.0283060206
0.0255807252
0.0264515314
0.0278834488
0.0275113056
0.0269019118
0.0265396788
0.0281162958
0.0283976738
0.0283650368
0.0272784266
0.0278648986
0.0281198556
0.0268361974
0.0273608634
0.027350105
0.0271071138
0.0265808562
0.0266422506
0.0262023744
0.0276445886
0.027252772
0.0268898258
0.0269171338
0.0274767976
0.0278572248
0.0269842428
0.027482097
0.0267255188
0.027202104
0.0268676346
0.0275894504
0.0270484472
0.02772996
0.026116503
0.0267183258
0.0273810592
0.0279844796
0.0284505788
0.0272646212
0.0268121512
0.0267934054
0.02736498
0.0281311826
0.0283332436
0.0279873186
0.0266149962
0.0267912112
0.0264487752
0.0271925578
0.0270188334
0.026197848
0.0254955852
0.0265859742
0.0273828996
0.0268992082
0.0280691328
0.0265259776
0.0280644248
0.0287115656
0.0279953944
0.0263227884
0.0260412882
0.027284121
0.0274442102
0.0270839212
0.0266362072
0.025754099
0.0281421242
0.0273614212
0.027314023
0.0281534966
0.0274783544
0.0274977964
0.025819713
0.0264367028
0.02583101
0.0267274518
0.025219388
0.0276528278
0.025945479
0.0265056566
0.025391792
0.0263588822
0.0268780292
0.0264383494
0.0253707012
0.0263738082
0.026702109
0.0269799936
0.0270045096
0.027509989
0.0255392918
0.026770021
0.0261839426
0.0262646502
0.0269725836
0.025860056
0.0268003862
0.0274572926
0.0266233532
0.0265424596
0.0282233404
0.0270249056
0.0252752938
0.0261644612
0.0285264136
0.0265597502
0.0274174578
0.0277091832
0.0272189936
0.0283617182
0.0273343106
0.0259496328
0.0260798674
0.0280772222
0.025888198
0.0265269822
0.0263998406
0.027931326
0.0274296918
0.0252694976
0.0257422264
0.0265814888
0.026822409
0.0257858816
0.0260869054
0.0270997772
0.0276705698
0.0275435764
0.0259391226
0.0261059552
0.0275280486
0.0279283866
0.0274469298
0.0281637834
0.0269476046
0.0272268354
0.0267413646
0.0280009718
0.0264861028
0.0268482762
0.027498248
0.0274533132
0.0286725288
0.028187585
0.0265371652
0.0263031032
0.0265121126
0.0261663634
0.0257611124
0.025838306
0.0251903414
0.0265827368
0.0264086028
0.0267765642
0.0265851322
0.0266141628
0.0278719448
0.027994961
0.0267806854
0.0275126266
0.0271353286
0.027922708
0.025898779
0.025882311
0.0263695944
0.0270664896
0.026643496
0.0262530794
0.0274900324
0.0261998364
0.026175236
0.027231646
0.0270644006
0.0268099108
0.0261482828
0.0270486442
0.0253334242
0.0269821814
0.0256252014
0.0265827154
0.0260539622
0.0250381176
0.0243334366
0.0257906264
0.0248197666
0.0264097098
0.0245465856
0.0259473356
0.0276128344
0.0266633538
0.0271463284
0.025981183
0.0263779088
0.0268712206
0.0274205538
0.0271377262
0.0262807314
0.0261532806
0.0271915246
0.026014157
0.0262012256
0.0269830918
0.0282062122
0.0263971216
0.0272742482
0.0277010266
0.0270565312
0.0273158574
0.026513035
0.0267882136
0.026858365
0.0273058826
0.028118257
0.02641328
0.0261468464
0.0271608744
0.0283711926
0.026774841
0.0257117886
0.02754223
0.0265386296
0.0268563822
0.0269155244
0.029007638
0.027595454
0.02567875
0.0266385306
0.027451223
0.027027885
0.0252620812
0.0276169386
0.0268771682
0.0276042976
0.0273717354
0.0268241604
0.0271787194
0.0257979662
0.0268024364
0.0263179658
0.0280472808
0.0257355922
0.0277668252
0.0271650326
0.027057917
0.0269917908
0.0273158588
0.027167257
0.0262644742
0.0268195832
0.027076998
0.0260021956
0.0257540632
0.0262802218
0.0264594402
0.0263673978
0.0266815996
0.0282057066
0.0261621144
0.0265988866
0.0254541692
0.026566309
0.0251032158
0.0253308088
0.026132928
0.0255945658
0.0274057724
0.0271005556
0.0265622704
0.0267286538
0.0260204212
0.0262620066
0.0261105738
0.026313834
0.0252857192
0.0256881654
0.026184927
0.0262600776
0.026680834
0.025857628
0.026441759
0.027873813
0.0268776534
0.027673415
0.0282633832
0.0265699014
0.02551053
0.026987015
0.0274265936
0.0268728534
0.0264341304
0.026496433
0.026814791
0.0282750662
0.0292447458
0.0276317128
0.0265212198
0.0274741012
0.0272494326
0.02525829
0.02763527
0.0276582704
0.0271608938
0.0273236812
0.0273730992
0.027122426
0.0279176008
0.026585046
0.0265762382
0.0250745956
0.0287479962
0.0274018062
0.0281726474
0.0260263396
0.0278806966
0.0254223046
0.0281456302
0.02646167
0.026745539
0.0271796546
0.0274851708
0.027702046
0.0275780886
0.0280638182
0.0282718936
0.0262481574
0.025592248
0.0262814466
0.0283251574
0.0270103324
0.0268765358
0.0252029854
0.028375799
0.0262435622
0.0267367252
0.0254251548
0.0257074972
0.0268306558
0.0269923916
0.0265634436
0.026643953
0.0257115486
0.0264498106
0.0266919616
0.0263722588
0.0270770298
0.0270621408
0.0283972448
0.0251042486
0.0250360164
0.028773933
0.0277746872
0.0275037588
0.0278604524
0.0280343412
0.0258520242
0.0273840118
0.0265862628
0.0261492698
0.0266899866
0.02562802
0.025421977
0.0264859074
0.0272132784
0.0266745476
0.027040015
0.024486684
0.025621569
0.0265836958
0.0263110408
0.0261008564
0.0259221862
0.0250554102
0.0255824864
0.0254152288
0.0265005152
0.024588435
0.0257782022
0.0258049352
0.02567058
0.0259609194
0.0272603754
0.0259287294
0.0273340864
0.0268750108
0.0264512026
0.0269425932
0.0254834988
0.025612883
0.0261983434
0.026121533
0.0282106326
0.0277054788
0.027638767
0.0262454432
0.0265939964
0.0267596614
0.0264035346
0.0278303382
0.0271578684
0.0269998998
0.0260859232
0.0266126132
0.0269924896
0.0266245086
0.0273654286
0.0272640456
0.027083692
0.0281521536
0.0268310412
0.0270089718
0.0260431864
0.0271636608
0.0258300352
0.0279604458
0.0265560958
0.0273478738
0.026672515
0.027163269
0.0246851896
0.0249657554
0.0271044886
0.025871241
0.0261995414
0.0257152022
0.0259428856
0.0276175134
0.026813635
0.0259654006
0.026768155
0.0272690934
0.0255924136
0.0279350762
0.0287324162
0.0270833992
0.0282094294
0.026377654
0.026374151
0.0265399516
0.0263200862
0.0272298376
0.0262194912
0.0260823742
0.0251336394
0.0271699586
0.02568435
0.0281762984
0.0259936896
0.0273388966
0.0255354352
0.0263722292
0.0267192454
0.0274982926
0.026963181
0.0269723358
0.0265252972
0.0258471766
0.0260519758
0.0264586204
0.026450798
0.02586046
0.0255495088
0.0269686054
0.0251917756
0.0260175342
0.0283750348
0.0291486594
0.0280383418
0.0287670878
0.0279880644
0.0267717086
0.0270647804
0.0270124042
0.0266306082
0.0257074376
0.0266564394
0.0271066822
0.026501723
0.0265520084
0.0258700922
0.0277182212
0.0262993918
0.0257317462
0.0262331086
0.0273260942
0.0260489824
0.0259809416
0.0267862688
0.028276161
0.0270608874
0.0270989862
0.0272307974
0.0282127158
0.0276882662
0.0282945562
0.0275607362
0.028143279
0.0279446526
0.0268824584
0.0282555776
0.025503892
0.0270234966
0.0276578874
0.0272385922
0.0278530682
0.0285603192
0.0278900222
0.0271462824
0.0251773626
0.0273519722
0.027436893
0.0263781798
0.028768032
0.0277476522
0.0280884772
0.0274872486
0.0279059784
0.0258697136
0.0272783044
0.027519655
0.0283785344
0.0277662894
0.0272149618
0.0264048518
0.0260637104
0.0278780732
0.0265625228
0.0263199868
0.0264622548
0.0268196026
0.0270995578
0.0278077654
0.0260315244
0.0279617364
0.0261906358
0.0272140742
0.027393352
0.0278635394
0.0258178808
0.0270267884
0.0256772262
0.0264095094
0.027778208
0.0259338386
0.0273648512
0.0266766254
0.0267948554
0.027218
0.0263215798
0.0253136782
0.0258874162
0.0252183988
0.0248885002
0.0265337572
0.027727493
0.027230136
0.0266291638
0.0273632006
0.0280266004
0.0250907048
0.0272877336
0.027610709
0.0255181252
0.0270193174
0.0273850842
0.0261345234
0.0250974406
0.0267897488
0.0263673858
0.0252167688
0.0260495136
0.026645074
0.0270957006
0.0271345558
0.0261165152
0.0249040228
0.0262607334
0.0266520046
0.0271005834
0.0271288122
0.025775231
0.0265341916
0.0250389204
0.0263922332
0.0262863504
0.0259631138
0.0259276178
0.025483102
0.0274209896
0.0258504668
0.0251764176
0.0257807972
0.0284288352
0.0278603216
0.0265768718
0.0267200536
0.0247827122
0.0253600836
0.0287226044
0.0258300396
0.0282274488
0.0249434014
0.0269943268
0.027683952
0.0266674156
0.0266273774
0.0250528196
0.0260519572
0.0247809442
0.0257643564
0.0250984186
0.0249338026
0.0263011844
0.0267737432
0.0263527788
0.0258429698
0.0257310032
0.0263577924
0.0265380946
0.0270912302
0.0263491338
0.025112259
0.0259697498
0.0266118584
0.0265605638
0.02597437
0.026865694
0.0257976064
0.0263800642
0.0268431072
0.0265172146
0.0266508358
0.0271026316
0.0275356362
0.027453997
0.0265860982
0.0257101192
0.027060992
0.025023662
0.0245699916
0.0250330666
0.0265645082
0.025495166
0.0267002456
0.0256276102
0.0259642622
0.0267736064
0.0250363
0.0272681354
0.0268014542
0.025918198
0.0264105174
0.0269491524
0.0245064566
0.0266334764
0.0258706232
0.0262779888
0.0263400642
0.0263764152
0.0263362516
0.024964474
0.0270922378
0.026924383
0.0266326678
0.0259653154
0.025197509
0.0266216424
0.0270520064
0.0262757088
0.0252219652
0.0266657548
0.0248242786
0.0262109788
0.0262851332
0.0261408154
0.0261408154