-0.0678073262
-0.0680811548
-0.0677564598
-0.0699932988
-0.0683923758
-0.0671643812
-0.06731575
-0.0681185414
-0.0667231776
-0.067320062
-0.0680384258
-0.0675431004
-0.0678183812
-0.0669603446
-0.0672613166
-0.0666615036
-0.0658870884
-0.0665089766
-0.066687583
-0.0670108286
-0.0681395028
-0.0657172962
-0.0673147044
-0.0671163242
-0.067204898
-0.0680096336
-0.0667980942
-0.0682888656
-0.0666483308
-0.0676502962
-0.0671877654
-0.0674938348
-0.0683646224
-0.0671743534
-0.0673357006
-0.0665207024
-0.0679700852
-0.0670948448
-0.0672779002
-0.0666659444
-0.0659405524
-0.0671491734
-0.067735649
-0.0692751366
-0.0674057438
-0.0672441714
-0.066570427
-0.0665045982
-0.0662892112
-0.0657247358
-0.0662946534
-0.067496828
-0.0680597176
-0.0675942258
-0.0673675826
-0.0684662862
-0.0661508866
-0.068024315
-0.0665999316
-0.0671910368
-0.0673225356
-0.066511969
-0.0658921372
-0.068196863
-0.066275521
-0.0673912338
-0.0676770262
-0.0671908158
-0.0666816228
-0.0673927088
-0.0676398644
-0.0667668998
-0.066600377
-0.066807064
-0.0670603738
-0.0675568522
-0.065968305
-0.0659905826
-0.0672212522
-0.0671401538
-0.0685371894
-0.0664886956
-0.0668234992
-0.0658770968
-0.0675797784
-0.066954713
-0.069035783
-0.0677832776
-0.0656924514
-0.0648680302
-0.0655717364
-0.065453961
-0.0663575154
-0.0652022884
-0.0654179894
-0.0650202624
-0.0655611598
-0.0667204296
-0.0646780236
-0.0670566928
-0.066840361
-0.0652105574
-0.0672209438
-0.06563293
-0.0661024556
-0.0658973996
-0.0674299596
-0.0664067186
-0.0659437768
-0.067336942
-0.0663197676
-0.0672531012
-0.0670809386
-0.0670397648
-0.0671721848
-0.0672518356
-0.0679153594
-0.068620628
-0.0683251166
-0.0687936372
-0.0686867422
-0.0694207324
-0.0673261348
-0.0674468668
-0.0685591536
-0.066315626
-0.06738136
-0.0666082818
-0.0690051534
-0.0688147668
-0.0686115456
-0.0680861824
-0.0682909884
-0.0675933466
-0.0669167848
-0.0671890546
-0.067124014
-0.066714151
-0.0668132956
-0.0677743672
-0.0677676308
-0.0683131494
-0.0673378536
-0.0697236566
-0.0683032028
-0.066932299
-0.0682379928
-0.0694939798
-0.0672970436
-0.0668883688
-0.0676888504
-0.0675504616
-0.0682079582
-0.0677207958
-0.067840628
-0.0670430718
-0.0674727556
-0.0678611732
-0.0683699168
-0.0673090712
-0.068513753
-0.0685614264
-0.0674357112
-0.0674706142
-0.0677178694
-0.066967335
-0.0661058756
-0.068036741
-0.0689319666
-0.0677130386
-0.0673967902
-0.0675382342
-0.0683439706
-0.0692127162
-0.0685907014
-0.0669627774
-0.0684205468
-0.0672224124
-0.069084796
-0.0669516986
-0.066821362
-0.0680391542
-0.0670646738
-0.0692542136
-0.067803017
-0.069135946
-0.068687878
-0.0683342814
-0.0686885
-0.0683433394
-0.0687360014
-0.0686969778
-0.0675345126
-0.0676645666
-0.069397575
-0.0681145252
-0.0690655446
-0.068128338
-0.0678208816
-0.0685182476
-0.0680431046
-0.068262756
-0.069392612
-0.0672528574
-0.0654246508
-0.06656117
-0.0678182102
-0.0669259338
-0.0678823194
-0.0687748336
-0.0672832528
-0.0674992016
-0.0677422818
-0.0676747802
-0.0672897134
-0.0684183404
-0.068895728
-0.0680235164
-0.0693869484
-0.0683409142
-0.0698240922
-0.0680486872
-0.0675815126
-0.0683255932
-0.0660741824
-0.0679911798
-0.0665461534
-0.0675997498
-0.0687457638
-0.0670715514
-0.0694398192
-0.0676279684
-0.0668137454
-0.0680879652
-0.068448048
-0.0686244304
-0.067031014
-0.0666489272
-0.068173747
-0.0664422316
-0.0699305038
-0.069593837
-0.0686248768
-0.0706055776
-0.0688474824
-0.0690417612
-0.068919658
-0.0699165872
-0.0693647544
-0.0678791336
-0.0688145102
-0.0689378332
-0.0680782086
-0.069289126
-0.069493444
-0.068911039
-0.0689907538
-0.0674811174
-0.0681444764
-0.0683279238
-0.0681351042
-0.068602091
-0.0696530026
-0.067874088
-0.068635669
-0.0693777298
-0.0689182636
-0.0675291858
-0.0695871966
-0.0671046166
-0.0679747524
-0.0679124802
-0.067863387
-0.0681417204
-0.0695512038
-0.0683747272
-0.0668655472
-0.0688486864
-0.0670156694
-0.0699658866
-0.0686639416
-0.0694792436
-0.0680116454
-0.068735586
-0.0694971474
-0.0685104638
-0.0691191426
-0.0692369506
-0.0677445568
-0.0677445568