-0.0624822294
-0.0632030206
-0.062141977
-0.0641747772
-0.0631398382
-0.0631859502
-0.063395088
-0.0641367204
-0.0649743474
-0.0655952952
-0.0622361402
-0.0634953966
-0.063841281
-0.0630371062
-0.0640913938
-0.0622637374
-0.061416678
-0.0629776946
-0.0618408572
-0.0641771522
-0.0641270462
-0.0622185076
-0.0630697732
-0.0628716088
-0.0628866916
-0.0616126426
-0.0620071886
-0.063372609
-0.0627406878
-0.0636434366
-0.0632220006
-0.0631739978
-0.0634083878
-0.0639390696
-0.0635906356
-0.0625458286
-0.0623423228
-0.0628905888
-0.062799169
-0.0640753024
-0.0626407476
-0.0634291806
-0.06348739
-0.0622995162
-0.062420908
-0.062521682
-0.0628182458
-0.0635739336
-0.0633792198
-0.063474362
-0.0632815576
-0.0628851988
-0.0625756072
-0.0634940976
-0.0632560636
-0.063292676
-0.0628191764
-0.0615100074
-0.0624585964
-0.0637132298
-0.0633351626
-0.062749063
-0.0620753924
-0.0626701092
-0.0624148594
-0.0642354584
-0.0639026506
-0.0634034148
-0.0630522672
-0.0623765604
-0.0629152006
-0.0616754082
-0.0623688926
-0.0628422472
-0.0621762632
-0.0632365214
-0.0611140656
-0.0626963402
-0.0611269002
-0.063042176
-0.0613155652
-0.0624030336
-0.0630286342
-0.0622827658
-0.0628274064
-0.061750688
-0.0625342448
-0.0634819518
-0.0628650946
-0.0625151196
-0.0618749686
-0.0637397028
-0.063709701
-0.0624529646
-0.0648551368
-0.0621877986
-0.0611938532
-0.0620070918
-0.0643017042
-0.063598177
-0.0626147398
-0.0633600946
-0.063454965
-0.0637128128
-0.0619475052
-0.0640031342
-0.0633419482
-0.0645023216
-0.0629105478
-0.0627823218
-0.0623965194
-0.0630171956
-0.063303843
-0.0629186512
-0.0632792796
-0.0625913302
-0.0626606098
-0.0610667812
-0.0642819686
-0.0627131874
-0.0624983692
-0.0638918038
-0.0604232762
-0.0616465602
-0.0615627116
-0.0628841716
-0.0617804666
-0.0650485516
-0.0630081616
-0.0617984676
-0.06524787
-0.062646331
-0.0637132298
-0.0634473268
-0.063129922
-0.0629940764
-0.062480882
-0.0614424438
-0.0625483972
-0.0642501056
-0.0633391566
-0.063282905
-0.0624676602
-0.0629580072
-0.0627306748
-0.063388894
-0.0619208384
-0.062936846
-0.0624459368
-0.061722674
-0.0614899516
-0.0630347798
-0.0632476884
-0.0639883902
-0.062575462
-0.0633880602
-0.0632536886
-0.0635953854
-0.0613140428
-0.063066933
-0.0616557208
-0.0626761578
-0.0641162478
-0.0622575434
-0.0605924476
-0.0620865592
-0.0612991536
-0.0633834074
-0.0630487868
-0.0633266906
-0.0625481068
-0.063967791
-0.062405922
-0.06279819
-0.0619066862
-0.0623710738
-0.062336594
-0.0634187208
-0.0608969696
-0.0619908066
-0.0615247998
-0.0614745972
-0.063238014
-0.0629771808
-0.0622441468
-0.0637377448
-0.0629994662
-0.063642506
-0.0631755202
-0.062572767
-0.0629085118
-0.063751577
-0.0640115578
-0.0632935098
-0.061613011
-0.063851372
-0.0628859358
-0.0626097966
-0.0616469772
-0.0622355484
-0.064074837
-0.0628544898
-0.0609707568
-0.0627794332
-0.0625245222
-0.061999327
-0.0624064358
-0.063552482
-0.0631270522
-0.063433465
-0.0628250314
-0.0625258696
-0.0634751956
-0.0638743164
-0.063573003
-0.0638275456
-0.0620525932
-0.0630155094
-0.0634373324
-0.0624072696
-0.0635728578
-0.0653353926
-0.0639604728
-0.0623496222
-0.0634732378
-0.06440811
-0.0631696166
-0.0625626274
-0.06381285
-0.0631894788
-0.0624311444
-0.0630157998
-0.0637565016
-0.0637534866
-0.0631912916
-0.0619406522
-0.0615830578
-0.0623667598
-0.0610606058
-0.0621336018
-0.0626131988
-0.0638287666
-0.06191004
-0.0637023048
-0.0617060688
-0.062392477
-0.0614290472
-0.0624946954
-0.062698715
-0.0634037348
-0.0613156136
-0.0640665586
-0.062769342
-0.0645322454
-0.0651150394
-0.0634501668
-0.062926978
-0.0625709058
-0.062847142
-0.0634539376
-0.063617157
-0.0626818194
-0.0643667962
-0.063266203
-0.0640323692
-0.0614216026
-0.06285765
-0.0630336072
-0.0641833274
-0.0646473948
-0.0640036478
-0.0633523596
-0.0630565516
-0.061753383
-0.0628777542
-0.0621281152
-0.0630388222
-0.0641161994
-0.0633722404
-0.0629408884
-0.0634097352
-0.0626356294
-0.0631592352
-0.0631514704
-0.0630360304
-0.0634693406
-0.0637358056
-0.0640783658
-0.0622919264
-0.063002995
-0.0648083362
-0.062992807
-0.0647849266
-0.0614945562
-0.0619742014
-0.0635378348
-0.063371455
-0.061945722
-0.062095545
-0.0639601044
-0.0623589764
-0.0631534768
-0.0626801034
-0.0643734852
-0.0623803312
-0.0624083936
-0.062605434
-0.063197292
-0.0627823218
-0.0617925156
-0.0639829036
-0.063076142
-0.061873059
-0.0628837546
-0.061426304
-0.062174644
-0.0625694616
-0.062260432
-0.062514848
-0.0632254028
-0.0637296116
-0.0610201258
-0.0624752984
-0.062581976
-0.0628763584
-0.061635345
-0.0636259976
-0.061746694
-0.063136019
-0.0627141664
-0.0610535782
-0.0628934288
-0.0624623188
-0.0623512116
-0.0616473456
-0.0621495668
-0.0636826176
-0.0618032656
-0.0622394456
-0.0614709716
-0.0602629936
-0.0599386094
-0.0620146332
-0.0626379074
-0.0619385194
-0.0610213764
-0.062291141
-0.06184267
-0.0618744548
-0.0611713742
-0.0615330782
-0.0635664406
-0.0619525264
-0.0629237694
-0.0607812094
-0.0622286472
-0.0610066324
-0.0622896968
-0.0618886368
-0.0625773232
-0.0641672842
-0.0636938812
-0.0628571848
-0.0643540882
-0.0626918324
-0.0634615274
-0.0642050694
-0.0622728496
-0.0628219196
-0.063024737
-0.0607084792
-0.062611948
-0.0630574822
-0.0644176876
-0.063772273
-0.061676804
-0.0621794718
-0.0636119904
-0.0628595596
-0.0621785412
-0.0609070606
-0.061871421
-0.0637871622
-0.0635345778
-0.0624551458
-0.0639261384
-0.0617822308
-0.0618993868
-0.0632198678
-0.0628224334
-0.0628817482
-0.0619161856
-0.061723973
-0.0626243656
-0.061270529
-0.0623435734
-0.0619280894
-0.0612752788
-0.0611789156
-0.061434776
-0.0608321976
-0.061817176
-0.0621313722
-0.0619608048
-0.0612413126
-0.063845837
-0.063051947
-0.0630059318
-0.0628065652
-0.0606319002
-0.0613547462
-0.061447145
-0.0609027762
-0.0624466254
-0.0619088862
-0.0621963674
-0.0616624284
-0.0627392436
-0.0614204784
-0.0603872256
-0.0607285834
-0.0624679022
-0.063941638
-0.0619893624
-0.0619806186
-0.0627162992
-0.0621791032
-0.060213431
-0.060841697
-0.0608216896
-0.0607626464
-0.0609160948
-0.0615358216
-0.0621937692
-0.0623287326
-0.061664755
-0.0627030962
-0.062136762
-0.0624423114
-0.0634827854
-0.060489764
-0.0612013462
-0.0605923024
-0.0626833604
-0.0626676858
-0.061447562
-0.062041765
-0.0621470952
-0.0621898534
-0.0608884008
-0.062170728
-0.0614323042
-0.0617990296
-0.0630490102
-0.0643591284
-0.0624101096
-0.0630018412
-0.062757293
-0.063940097
-0.063105727
-0.0621298794
-0.0633559554
-0.0626338166
-0.0629877856
-0.0629776462
-0.0643448792
-0.0623171004
-0.063579197
-0.0626778738
-0.0629000398
-0.0622994678
-0.061808704
-0.0624365826
-0.0631180664
-0.0636798258
-0.0623324548
-0.062902221
-0.0627539392
-0.0623386488
-0.063789954
-0.0617300218
-0.0631597972
-0.0622127008
-0.0614258386
-0.0627756624
-0.062942381
-0.063552065
-0.0641311854
-0.0619952846
-0.0634855288
-0.0635400644
-0.0650122592
-0.0638204694
-0.063256994
-0.0632876548
-0.063578635
-0.0634018252
-0.0628684486
-0.0622641542
-0.0638313162
-0.06256951
-0.0634946114
-0.063013987
-0.0624960428
-0.0630198422
-0.062546856
-0.0627015552
-0.0633884772
-0.0630948504
-0.0639100468
-0.0633421902
-0.0629877372
-0.063964292
-0.062843323
-0.0635877954
-0.0619523812
-0.0613162726
-0.0631778466
-0.0632521476
-0.064798662
-0.0641471504
-0.0624571522
-0.0638769146
-0.0609418606
-0.0649058048
-0.0634527354
-0.0639111038
-0.0630148208
-0.063763064
-0.063174318
-0.0609814584
-0.0621873816
-0.063565927
-0.0620213704
-0.0617946484
-0.0629731868
-0.062271744
-0.061136526
-0.0628907824
-0.062617338
-0.0629841118
-0.0617925156
-0.0627535222
-0.0625954694
-0.0637161184
-0.0644132766
-0.0628033082
-0.0629503876
-0.0623799626
-0.0632490358
-0.0625836622
-0.0624626872
-0.0614791532
-0.0636561446
-0.0642994746
-0.0611113708
-0.0633090096
-0.0626387412
-0.0638727754
-0.0641218312
-0.0613926096
-0.0630123492
-0.062869379
-0.0633892626
-0.0622837932
-0.0618915736
-0.0623334822
-0.0624146174
-0.0624537984
-0.0632568004
-0.0612376388
-0.0634930218
-0.0626469712
-0.0621220664
-0.0631982226
-0.0641256986
-0.0631137336
-0.0629704732
-0.0628745456
-0.0617520356
-0.0620916774
-0.0618616984
-0.061254486
-0.0612667584
-0.0618702188
-0.0624576174
-0.0627429658
-0.0615071674
-0.0626350672
-0.0643740956
-0.0631747832
-0.0621088932
-0.0630279456
-0.0619226996
-0.0621228518
-0.0628078158
-0.0609910842
-0.0622019508
-0.0616469288
-0.0631455966
-0.0621829708
-0.0631895756
-0.0629767156
-0.0622647648
-0.0637612998
-0.0636414488
-0.0623367392
-0.0635064184
-0.0625605728
-0.0631763056
-0.0640118966
-0.0635656068
-0.0627485976
-0.0634130406
-0.0618961298
-0.0631937148
-0.0621187126
-0.0627255268
-0.0629752228
-0.0631089356
-0.0622148336
-0.0624356038
-0.0649034784
-0.06294336
-0.0628590944
-0.0624064842
-0.0625857468
-0.0629658686
-0.0630854962
-0.0622102776
-0.0624231378
-0.0618150244
-0.0625837404
-0.0622648132
-0.061567238
-0.0624641316
-0.062775536
-0.0611418862
-0.0623005436
-0.0626509354
-0.0641460262
-0.061949221
-0.061577329
-0.0620087296
-0.0627587856
-0.062451472
-0.0636604288
-0.0620815378
-0.0622096672
-0.061581982
-0.0635673712
-0.0631483586
-0.0629622916
-0.062707924
-0.0608782612
-0.061991272
-0.0626531168
-0.0618941718
-0.0624042546
-0.0623185446
-0.062047155
-0.0621763116
-0.0617182928
-0.0622010686
-0.0636081714
-0.0625690932
-0.0621569146
-0.0630771694
-0.0638384408
-0.062062878
-0.0615763984
-0.0617120692
-0.063129505
-0.0622553138
-0.0620056958
-0.0631225258
-0.062652283
-0.0632317718
-0.0623742824
-0.0626647006
-0.0625053002
-0.0615889128
-0.0628920814
-0.0619863474
-0.0624555628
-0.0627970658
-0.0623591216
-0.0622848206
-0.062159658
-0.0611101014
-0.0602178122
-0.0626676374
-0.061587517
-0.0616317678
-0.063655776
-0.063189062
-0.063124532
-0.063659208
-0.0610576206
-0.0632623356
-0.0634431876
-0.0635091618
-0.0637858632
-0.0632765658
-0.0623593932
-0.0630647518
-0.0610251472
-0.0642877456
-0.0637796692
-0.0637416608
-0.063831413
-0.0636619996
-0.063503113
-0.0644460702
-0.0638080034
-0.0639364714
-0.0635138146
-0.0636955488
-0.0627388266
-0.0643788938
-0.0642795156
-0.0637387722
-0.0635049742
-0.0628241976
-0.0648693374
-0.0612598758
-0.0628482958
-0.0637524592
-0.0628336486
-0.062393873
-0.0640478504
-0.0629152006
-0.0619318118
-0.0626150598
-0.0633940122
-0.0620569744
-0.0638749566
-0.0629733134
-0.0623417122
-0.063986529
-0.063089587
-0.0622260006
-0.0630221686
-0.0629794588
-0.062600219
-0.0624129498
-0.0608995676
-0.0629993694
-0.0633947976
-0.062834434
-0.0608678984
-0.0618519274
-0.0643889848
-0.0623949972
-0.0625459738
-0.0637234662
-0.062135046
-0.0630848374
-0.0629508046
-0.0626540474
-0.0607105824
-0.063119317
-0.0638571788
-0.0631071228
-0.064054878
-0.0621610054
-0.0632291252
-0.062659359
-0.0621018654
-0.0636417206
-0.062223771
-0.0627108126
-0.0640539474
-0.0634121584
-0.0631664564
-0.0642008818
-0.0630203074
-0.0632643904
-0.0623679136
-0.063195014
-0.0645268554
-0.0623813102
-0.0635419256
-0.0636043522
-0.062696437
-0.0618678924
-0.0619018398
-0.0642836064
-0.0620228148
-0.063463757
-0.0611760756
-0.0618196476
-0.0621388168
-0.063706202
-0.0627883704
-0.0629854108
-0.0630806982
-0.0633055106
-0.0646494012
-0.0620534456
-0.0630788854
-0.061558107
-0.0628741772
-0.062651866
-0.0624993966
-0.061841371
-0.0618148494
-0.0618970604
-0.0610075146
-0.0634920428
-0.0624111854
-0.0609329716
-0.0600424952
-0.0629307004
-0.062253918
-0.0617511534
-0.0615208356
-0.061693506
-0.0631179696
-0.0623830746
-0.0634033664
-0.0632393616
-0.0632531266
-0.0629608474
-0.0629729448
-0.061605198
-0.062720632
-0.0627591542
-0.0632493558
-0.061995091
-0.061725369
-0.0623640944
-0.063181569
-0.0635673228
-0.0627085344
-0.0636626102
-0.0639958832
-0.0631242416
-0.0622919748
-0.0637189584
-0.0632873346
-0.061740917
-0.0624469642
-0.0623301284
-0.0629934176
-0.062630366
-0.062510195
-0.0631140538
-0.0635918862
-0.0622092502
-0.0635473154
-0.0609377698
-0.0616635824
-0.0628173152
-0.061696443
-0.061311426
-0.0622246532
-0.0624746396
-0.062670284
-0.0615058198
-0.0623711706
-0.0624360206
-0.0625332176
-0.062926416
-0.0626174348
-0.0622923916
-0.0636739706
-0.0633922962
-0.0637203544
-0.0628999914
-0.0616888532
-0.0618189402
-0.0608632752
-0.0621765052
-0.0610406766
-0.0608890596
-0.0608569064
-0.0616557208
-0.0608522534
-0.063618136
-0.0628048492
-0.0618955676
-0.0629292076
-0.0620169112
-0.0616397262
-0.0624597988
-0.0635639206
-0.0635515998
-0.0635393086
-0.0627011382
-0.0628781712
-0.0627009446
-0.0645705738
-0.0635475574
-0.0626019834
-0.0638216904
-0.0623684756
-0.0613574896
-0.0620894478
-0.06351712
-0.0641026278
-0.0634223948
-0.063504092
-0.0625565788
-0.0631699852
-0.0639605212
-0.0630705586
-0.0627377508
-0.0628192732
-0.0618873376
-0.0630115154
-0.0617051382
-0.0634643676
-0.0634571946
-0.064191993
-0.0634390968
-0.063124212
-0.0636949868
-0.061526661
-0.0640396204
-0.0630075994
-0.0637670096
-0.0632212636
-0.0635293144
-0.0630156062
-0.0633445948
-0.063638095
-0.0638843592
-0.0620837676
-0.0645610932
-0.0636687556
-0.062891054
-0.0626195378
-0.0630403632
-0.0632096314
-0.0629133394
-0.0637392376
-0.0626810824
-0.0632427638
-0.0626974644
-0.0630807466
-0.0637713424
-0.0623940182
-0.0628069336
-0.062414811
-0.063408853
-0.0643704702
-0.0635320576
-0.0645312664
-0.0647841896
-0.0647384946
-0.063919721
-0.062851873
-0.063148902
-0.061982063
-0.0639588538
-0.0651838538
-0.0639094848
-0.0634145332
-0.063110525
-0.063322823
-0.0637489118
-0.063750356
-0.0635869134
-0.0637920572
-0.0637920572