0.0248175996
0.0242383136
0.0252762652
0.0255029116
0.0258096088
0.0257272304
0.02589624
0.026603785
0.0250496332
0.0261594892
0.0263190888
0.0252855822
0.025645348
0.025436815
0.025765394
0.0253739874
0.0279874384
0.0257586678
0.0259221416
0.0268070524
0.0263346516
0.0255012774
0.024947642
0.0263582464
0.0264376084
0.0253175512
0.025096509
0.0262531634
0.0242313566
0.0261741592
0.0254052244
0.024883664
0.025426696
0.025363173
0.0249938952
0.024483872
0.0247238564
0.0251505452
0.024315167
0.0258712788
0.025438025
0.0238803804
0.0256760544
0.0253591582
0.0258534898
0.0241344798
0.0240451434
0.0245473044
0.0252342686
0.0254115894
0.0247286698
0.0263628536
0.026033705
0.025586416
0.0255966594
0.0253266706
0.0263457
0.0251023022
0.025672738
0.0256509056
0.0256535384
0.0255454806
0.0255860346
0.0253721482
0.024811466
0.0241632584
0.0255968022
0.0253618276
0.0247787188
0.0249480084
0.024508354
0.0269335752
0.0252168488
0.0243315236
0.0251946836
0.0234852736
0.0238990544
0.0253900534
0.0248813128
0.0249740728
0.0250139728
0.0253042362
0.0262239336
0.026363273
0.0254160734
0.0260034442
0.0263579038
0.0256111344
0.0278091776
0.0249354062
0.0263409702
0.0264017776
0.0251309318
0.026411756
0.0249663018
0.02554941
0.02605721
0.0256630724
0.025835457
0.0247033576
0.0260828318
0.023436663
0.0255694456
0.0256863842
0.025799933
0.025492149
0.0264044426
0.025378555
0.0249939498
0.0255094132
0.0242853418
0.0247171808
0.0251775326
0.0248295928
0.0248223876
0.0249251026
0.024520124
0.0256674588
0.02560947
0.0267192754
0.0273182646
0.0264033792
0.0259763778
0.0261120882
0.0258963172
0.025674616
0.0252156128
0.0259954512
0.0257612012
0.0250258948
0.0245169308
0.0247493416
0.0266928356
0.0259215416
0.0259134276
0.0254794882
0.026224915
0.0248175904
0.0249057626
0.025333277
0.0249708842
0.0255479992
0.025019656
0.025462191
0.0249488462
0.0253151938
0.0258921694
0.0253419266
0.0258117966
0.0252428376
0.02523608
0.0234561666
0.0253574832
0.0256309482
0.0243955132
0.0247739596
0.025254186
0.0237151128
0.025222218
0.025214463
0.0254428892
0.024385495
0.0236840472
0.0252808478
0.0244946308
0.0243994994
0.0253764814
0.0238956058
0.025651383
0.0254560706
0.02674572
0.0259183748
0.0264757504
0.0249028898
0.0250362458
0.025648416
0.026762316
0.024630594
0.0244500498
0.0245442136
0.024766399
0.0252621802
0.0254541868
0.0251755456
0.02502036
0.0247368056
0.0245418312
0.0241088046
0.0247297742
0.0248649598
0.026436404
0.0253080586
0.0250356056
0.0239538708
0.0253146264
0.0247154246
0.0250319544
0.0264192126
0.0261320668
0.0261260118
0.0251603332
0.0255078984
0.0259602202
0.0247122908
0.025567498
0.0241391402
0.0260384472
0.0241013396
0.024705369
0.0252845816
0.0241051694
0.0257664312
0.0245718874
0.025878143
0.0259806378
0.0241256944
0.0267900676
0.0251116724
0.0262422306
0.0256898574
0.0251037364
0.0255794074
0.0265419132
0.0241799006
0.025319489
0.0247569236
0.0263333946
0.0239075426
0.0262930672
0.0247358164
0.0241840876
0.0245802504
0.0256498976
0.026209242
0.025560471
0.0248456614
0.0254959444
0.0257544494
0.0259004932
0.0251521852
0.0253478568
0.0238681328
0.0253702104
0.024190836
0.0249873874
0.0237806466
0.0249610176
0.0262835022
0.0249593764
0.0261110976
0.024444537
0.0256748274
0.025658695
0.0243083888
0.0246164076
0.026267772
0.0248111458
0.0258017586
0.0267601812
0.0265856686
0.027388302
0.0264231242
0.027097193
0.026423321
0.0256154788
0.025539606
0.0269179866
0.0246938094
0.0251297294
0.0250731868
0.0264871468
0.0270407352
0.0258775844
0.0256396498
0.0261408488
0.02725689
0.0264586418
0.0252219692
0.026061022
0.0270830962
0.0266159092
0.0260899506
0.0245706176
0.0244339344
0.0263926404
0.0254702564
0.0253999084
0.024892118
0.02507575
0.0246126772
0.0253863358
0.0253307066
0.0254117614
0.025682815
0.0251614774
0.0260335762
0.0259879606
0.026052332
0.0254013522
0.02561896
0.0263075366
0.026647938
0.0258162032
0.026757437
0.0266232698
0.0249279776
0.0251431048
0.0249685904
0.0270335536
0.0255744098
0.0267020476
0.0257364812
0.02586413
0.026475897
0.0264658136
0.0258120346
0.0251438574
0.0265903854
0.025669742
0.0256916592
0.0252792376
0.0255748386
0.0231347068
0.0227985654
0.024255314
0.0259573994
0.0259058566
0.0260425952
0.0264045386
0.0265215654
0.0270747526
0.0263562648
0.0272910672
0.0259560888
0.026827156
0.0268907934
0.026923294
0.0272039888
0.0261285714
0.0261401646
0.0265420192
0.0268904298
0.025941139
0.0263025748
0.0262298784
0.024880988
0.0254728218
0.0249567354
0.0255610558
0.0242302012
0.0251841158
0.0260066484
0.0254267724
0.0253071428
0.025119561
0.0261862672
0.0256377366
0.0261391538
0.025935355
0.0257657102
0.025381871
0.0271981586
0.0266454222
0.0258867374
0.0274060122
0.026919828
0.0269331092
0.026795267
0.0268290506
0.0255790972
0.025839932
0.0258902154
0.0269059654
0.0267713008
0.0266806214
0.0264075118
0.0271592026
0.0255353644
0.0254341578
0.0248676498
0.0256237016
0.0251748092
0.0253123588
0.0255591354
0.0253898466
0.0243600148
0.0250055946
0.0252449608
0.025726712
0.0257644614
0.024885025
0.0246496938
0.0243660226
0.0241511168
0.0248455696
0.0252119962
0.0244592174
0.0235643236
0.025033011
0.0268326958
0.026192883
0.0266386638
0.0258588402
0.0261575996
0.0268971758
0.0260222234
0.0267991262
0.0256692154
0.0273116434
0.0264129652
0.026213316
0.0262879452
0.0258286416
0.024845165
0.024669269
0.0251066616
0.0266598328
0.02627075
0.0262292404
0.0254870412
0.0264460936
0.0264668536
0.026428625
0.0252835968
0.0262349496
0.0260990108
0.0264187126
0.0260999484
0.0265735838
0.0269427536
0.0267663526
0.0256896726
0.0259963234
0.025630681
0.0268592468
0.0255968398
0.0264770146
0.027461662
0.0275860486
0.0261790466
0.0273426064
0.0271078378
0.026199808
0.0276213484
0.0283864206
0.0271474626
0.027981526
0.0281281092
0.0286377758
0.025837221
0.0271300192
0.0263633238
0.0274696048
0.026949078
0.0276716426
0.0267674832
0.0256368472
0.025799962
0.0260493624
0.026535144
0.0259326354
0.0266558936
0.026181822
0.0277673696
0.0270953376
0.0271804002
0.0277471966
0.0278697106
0.0279212702
0.02627417
0.0258136316
0.0259810928
0.0267392154
0.0268206642
0.026280332
0.0278385796
0.027321218
0.0264040196
0.0266919118
0.0265525902
0.026395188
0.0260686008
0.02793204
0.0267709634
0.0262671144
0.0264842328
0.026711273
0.0261976542
0.0261976542