-0.064247217
-0.0661262004
-0.0663781448
-0.0656996948
-0.066168028
-0.067644604
-0.0657605024
-0.0672086958
-0.0668756646
-0.0659817378
-0.0663963878
-0.0667899064
-0.0670381284
-0.066124436
-0.0646126434
-0.0650853094
-0.0667416616
-0.0658589016
-0.0644286312
-0.0656748894
-0.0658270386
-0.0662404382
-0.0664434788
-0.0659041314
-0.0655383848
-0.065536427
-0.0656480478
-0.0657716694
-0.0638559282
-0.0657874408
-0.0666036162
-0.066911812
-0.0648831994
-0.0654985636
-0.0664855296
-0.064848768
-0.0670686924
-0.0643397126
-0.0656755482
-0.0660449686
-0.0655864064
-0.0664581744
-0.0655697826
-0.0655998514
-0.0658171708
-0.0663643314
-0.0658046564
-0.0662494534
-0.0662883442
-0.0639617422
-0.0662034384
-0.0656111448
-0.0647217442
-0.0660291488
-0.0667323074
-0.0669357166
-0.0656503742
-0.066510752
-0.064061392
-0.0648057866
-0.0645656492
-0.0652878848
-0.0655616978
-0.0645299672
-0.0648779844
-0.0662397308
-0.0655780796
-0.0658089892
-0.06591018
-0.0656900206
-0.0660905668
-0.0667584604
-0.0668127056
-0.0648743104
-0.0663880126
-0.065808844
-0.0663549772
-0.065179346
-0.0660127668
-0.0669703416
-0.0661451024
-0.0671793826
-0.0665851498
-0.066336831
-0.0664694866
-0.0665469962
-0.066323386
-0.066101957
-0.0659254862
-0.0659199996
-0.0668103792
-0.0672589468
-0.0666660132
-0.0653543242
-0.0671851596
-0.065391324
-0.0667011332
-0.0644541252
-0.0649608838
-0.065858775
-0.0659375354
-0.0659742932
-0.065682159
-0.0655690456
-0.0654785078
-0.064679228
-0.065301233
-0.064923389
-0.065897152
-0.0654720906
-0.0655888296
-0.0662940728
-0.0665747682
-0.0656104562
-0.0655133078
-0.0661081026
-0.0654914392
-0.065418534
-0.066841185
-0.066949452
-0.067048927
-0.0665934282
-0.0646556248
-0.0661245812
-0.0647766482
-0.0665548092
-0.0663023028
-0.0660728858
-0.0655606704
-0.064668236
-0.0652070214
-0.065349865
-0.0655429894
-0.065558906
-0.0649743474
-0.0656911744
-0.0664870224
-0.065645498
-0.0669079444
-0.065385547
-0.0654733414
-0.0661779926
-0.0665255928
-0.0672822114
-0.0655964976
-0.0657974054
-0.0661045254
-0.0659580564
-0.0670042108
-0.0650542318
-0.0655933374
-0.0657962328
-0.066099921
-0.0664334658
-0.0661419234
-0.0647456676
-0.0642748142
-0.0653278512
-0.0658114608
-0.0670227256
-0.0654208606
-0.065549455
-0.0653212404
-0.065162819
-0.0645744898
-0.0643850392
-0.0677190018
-0.0656903406
-0.0660949294
-0.0660287318
-0.0652862656
-0.065785628
-0.0671971604
-0.0662585656
-0.0682104244
-0.0656444706
-0.0663228238
-0.0664861402
-0.0662630436
-0.0674261604
-0.0668698876
-0.0663370542
-0.0670121208
-0.0662960308
-0.0650895454
-0.0670863436
-0.064550023
-0.0646058874
-0.0660138426
-0.0647321742
-0.065179346
-0.0656509364
-0.0664809252
-0.0665465308
-0.065718258
-0.0663211564
-0.0669084582
-0.0669217282
-0.067683785
-0.0664436052
-0.065723473
-0.066421882
-0.0654963154
-0.0660437178
-0.0653723738
-0.0660084044
-0.0666007276
-0.0670715808
-0.0665525312
-0.065839553
-0.0659362846
-0.0670374398
-0.0657941968
-0.0652066046
-0.0643902542
-0.064640464
-0.0657443626
-0.0665770462
-0.0663153792
-0.065468078
-0.0645147096
-0.0650258008
-0.0676910844
-0.0658245186
-0.065795816
-0.0652709112
-0.0658791026
-0.0657462236
-0.0667016952
-0.0643603306
-0.0663553456
-0.0641812912
-0.0644072764
-0.0642788566
-0.064930882
-0.0657945168
-0.066290719
-0.0667807942
-0.0646467546
-0.0650249672
-0.066503259
-0.06570016
-0.065984161
-0.065263273
-0.0661436098
-0.0657801414
-0.0640748854
-0.063954104
-0.0657127228
-0.0655002796
-0.0662498704
-0.0648068436
-0.065122901
-0.0650281274
-0.0664778134
-0.0658031638
-0.0666079006
-0.0654750572
-0.06591018
-0.0651458454
-0.065593851
-0.0663056566
-0.0647748356
-0.0658429552
-0.0641565826
-0.0663430248
-0.0664819042
-0.0652587168
-0.0659241388
-0.0650199458
-0.0656825276
-0.0653464144
-0.0661797086
-0.0650916782
-0.0662726212
-0.0648038582
-0.065721757
-0.0661161092
-0.0654658482
-0.0647357028
-0.0651524374
-0.0634966958
-0.065947258
-0.066135603
-0.0655721574
-0.0649257154
-0.0646017966
-0.0632675506
-0.065217723
-0.0655947332
-0.0657344946
-0.0645620238
-0.0655732816
-0.065545878
-0.0642348478
-0.0659535004
-0.0651601724
-0.066594824
-0.0661587706
-0.0640530652
-0.0644824594
-0.0653174696
-0.0648337336
-0.063620831
-0.0652804886
-0.0653247394
-0.0650472526
-0.0640350642
-0.065392478
-0.063720868
-0.0656316658
-0.0655754144
-0.064670756
-0.0642206472
-0.064296586
-0.0637002986
-0.0637386458
-0.0665528512
-0.0647308266
-0.0638875678
-0.0653248658
-0.0635101408
-0.0662026046
-0.0674016452
-0.0647938156
-0.064395644
-0.0662048826
-0.0638937618
-0.0641157824
-0.063295371
-0.0652300922
-0.0633667054
-0.0644001034
-0.0651866456
-0.0653591708
-0.0639219992
-0.0640013214
-0.0642524804
-0.0651746448
-0.0647994958
-0.063266203
-0.0646558184
-0.0655979418
-0.0650295716
-0.0649290208
-0.0646464642
-0.0648157324
-0.0643774494
-0.064782377
-0.0652994686
-0.0660097034
-0.0648537894
-0.065063024
-0.064450965
-0.0646288318
-0.0639540072
-0.064765433
-0.0661128522
-0.0642719742
-0.0642909542
-0.06367052
-0.0645270304
-0.0639605212
-0.0659017564
-0.0639760694
-0.0663806164
-0.0654779458
-0.064759481
-0.0653319904
-0.0647711132
-0.0645033006
-0.066621297
-0.0650555794
-0.0640287734
-0.0645093494
-0.0664405418
-0.0640650176
-0.064705876
-0.0661086162
-0.0655280034
-0.0654603132
-0.066171285
-0.0647144932
-0.0657230076
-0.0656368808
-0.064338462
-0.0641911592
-0.0638659412
-0.0654163826
-0.0663552972
-0.0641078726
-0.0643870754
-0.0654230902
-0.064502612
-0.0662533694
-0.0642829958
-0.0662668628
-0.0645735592
-0.063965591
-0.0635910042
-0.0648975264
-0.063386616
-0.064571698
-0.064701882
-0.0652422866
-0.064982529
-0.0649406046
-0.0634129922
-0.0641162962
-0.0653063996
-0.0645661146
-0.0652237234
-0.0655341974
-0.0638624422
-0.0653799636
-0.0640191476
-0.0630428348
-0.0633151068
-0.0638708658
-0.0647438548
-0.0649844386
-0.0635236824
-0.0642986408
-0.0643765672
-0.066283051
-0.065302774
-0.0646062746
-0.0632211184
-0.0639270688
-0.0649752296
-0.064580907
-0.0632147012
-0.0626608034
-0.0637909814
-0.0633781924
-0.065485022
-0.0656605622
-0.0659381458
-0.0651824096
-0.0632800166
-0.0634018252
-0.0634730628
-0.0656637224
-0.06490343
-0.0659512222
-0.0668936174
-0.066441841
-0.0658869156
-0.0662284188
-0.0661286236
-0.0668067052
-0.0660314268
-0.0655984072
-0.0659579596
-0.0653455322
-0.0646497696
-0.0639243256
-0.0656996948
-0.0663108232
-0.0660186408
-0.066145374
-0.0658308578
-0.065396714
-0.0642499604
-0.0667861358
-0.0656119972
-0.0661928818
-0.0633196628
-0.0651948272
-0.0657238414
-0.0651854432
-0.064371449
-0.0646910836
-0.0639841058
-0.0665868174
-0.0658739844
-0.066561837
-0.0664549658
-0.0676358118
-0.0658521642
-0.0665100448
-0.0651145742
-0.0671126714
-0.0658955328
-0.0671501662
-0.0643858246
-0.0649715074
-0.0673672624
-0.066000863
-0.0655599334
-0.0650354752
-0.065499349
-0.06755458
-0.0667941424
-0.0648729146
-0.0664746048
-0.066690625
-0.0661702764
-0.0669591262
-0.066697236
-0.0671079218
-0.0670051414
-0.0664751184
-0.065933493
-0.0650853094
-0.0656553956
-0.0664246252
-0.0667890242
-0.064100428
-0.0666971876
-0.0659260968
-0.0659785292
-0.0652204664
-0.0660137942
-0.0662265576
-0.0674595644
-0.0661338386
-0.0653255732
-0.0675039604
-0.0665201062
-0.0663457198
-0.0662686272
-0.0655415936
-0.0646923826
-0.0653641438
-0.0678170324
-0.0658409006
-0.0654793416
-0.064967223
-0.0662441418
-0.0647711616
-0.0642625716
-0.0643706154
-0.0657331956
-0.0645828166
-0.065570073
-0.0656032348
-0.0647338902
-0.0644884114
-0.0659390764
-0.0652856552
-0.063712076
-0.0662774676
-0.0654522582
-0.0662405162
-0.0653436226
-0.0660738164
-0.0646911804
-0.0658831934
-0.0659716466
-0.0658623522
-0.0655964008
-0.064035336
-0.0667176118
-0.0667945592
-0.065424486
-0.066347901
-0.0663666578
-0.0663474842
-0.066873193
-0.0654678062
-0.0660194744
-0.0668143918
-0.0651252274
-0.0663437134
-0.065095032
-0.064175853
-0.0649578204
-0.0649012004
-0.0663487832
-0.0650173772
-0.0650173772