-0.0607209156
-0.0603717744
-0.0597902792
-0.0592285682
-0.0589202756
-0.0588178152
-0.0601906802
-0.0602869466
-0.0587921464
-0.0597163952
-0.0600072302
-0.0617243602
-0.0593534888
-0.058860767
-0.0598421198
-0.0601683168
-0.0595681134
-0.0594807842
-0.0584699918
-0.0575874254
-0.0582691324
-0.0583411552
-0.0592393964
-0.059943776
-0.0581120584
-0.058268347
-0.0594045254
-0.0590655424
-0.0588700244
-0.0584177342
-0.058065258
-0.0607264022
-0.0587924664
-0.0587631048
-0.059163011
-0.0590353768
-0.0569151506
-0.0593813578
-0.0589217198
-0.0585218622
-0.057497673
-0.0587907988
-0.060074522
-0.0580847516
-0.0602039988
-0.0601467198
-0.0593312518
-0.058281792
-0.0593141142
-0.0607125888
-0.060192977
-0.0578625858
-0.0588471284
-0.0591401634
-0.058537682
-0.0593874064
-0.058801627
-0.0602304234
-0.0594226716
-0.0584992566
-0.0581302048
-0.0592525212
-0.0586395802
-0.058979222
-0.0575548552
-0.0593165858
-0.0601813448
-0.0580942808
-0.060409511
-0.058872913
-0.0606769848
-0.0591098712
-0.0592161804
-0.0599998824
-0.0578238216
-0.0578001402
-0.0591838038
-0.0581219748
-0.0593205502
-0.0578716012
-0.0591680808
-0.0613069668
-0.0604404434
-0.0604200676
-0.0592775016
-0.059407734
-0.0615605786
-0.0611915752
-0.0605004656
-0.0598534132
-0.059641949
-0.0603716292
-0.0590438002
-0.0596912696
-0.0583464186
-0.0577765074
-0.0600840996
-0.0598010292
-0.0597032218
-0.0600619108
-0.058952332
-0.060805773
-0.0609786666
-0.0589039904
-0.0581490396
-0.0595108828
-0.059959916
-0.0599699586
-0.0595663974
-0.0588369406
-0.0596174338
-0.0602982588
-0.0605121462
-0.0592828618
-0.059462638
-0.06014924
-0.0574881738
-0.0601930068
-0.059052369
-0.0585099582
-0.0594910206
-0.0607096518
-0.0588999964
-0.0594775756
-0.0590150008
-0.0588314538
-0.0592104704
-0.0608995192
-0.0589856876
-0.0594245328
-0.0623528308
-0.0604614782
-0.0605836554
-0.0604724516
-0.0601536992
-0.0593469748
-0.0598984494
-0.0596173854
-0.0617611478
-0.0599478668
-0.0592943488
-0.0573594824
-0.0602025062
-0.0611264832
-0.0594533322
-0.0603388356
-0.0602985008
-0.059966013
-0.0589310256
-0.0591696998
-0.0594762282
-0.0594929302
-0.0597423546
-0.058818154
-0.059354933
-0.0590476194
-0.0586748936
-0.0597163952
-0.0599580548
-0.059754452
-0.0602109782
-0.059836246
-0.059583788
-0.0609611794
-0.0594876668
-0.0602112982
-0.0593179818
-0.0587315136
-0.0589459632
-0.0611080168
-0.0590690226
-0.0589691308
-0.0603852192
-0.0600088196
-0.0591996236
-0.058831279
-0.0593051472
-0.0599189222
-0.059534419
-0.0606916024
-0.0599979728
-0.0609434016
-0.059665407
-0.0610897738
-0.0600806974
-0.0607960988
-0.0598769196
-0.0597488686
-0.0615406196
-0.0604656658
-0.060261743
-0.061265314
-0.061268668
-0.0618155864
-0.0611228578
-0.0589808114
-0.0614811596
-0.0609337274
-0.0602843968
-0.0588594196
-0.0591457468
-0.0596576236
-0.0600237088
-0.0600008614
-0.058909574
-0.059575141
-0.060872406
-0.058296778
-0.0587073186
-0.059356649
-0.0581679414
-0.0584750616
-0.0587408194
-0.0597328254
-0.0587529652
-0.0593380376
-0.0599372136
-0.0608582538
-0.0610708906
-0.0593563774
-0.0585108888
-0.059432908
-0.0596052396
-0.0591015444
-0.0610181194
-0.0603128278
-0.0605245638
-0.0616704352
-0.0583492588
-0.061484785
-0.0603982958
-0.0609246152
-0.059167325
-0.0599767148
-0.0603767472
-0.059212138
-0.0604145324
-0.0595924536
-0.059991362
-0.0602578754
-0.0600607384
-0.061681777
-0.0606390732
-0.0593125918
-0.0604317482
-0.0598654624
-0.0614229984
-0.0594504438
-0.0601869284
-0.061593052
-0.061899852
-0.0602561594
-0.0608565862
-0.0598081538
-0.0619574026
-0.0623551088
-0.0610261746
-0.0618376486
-0.0615356468
-0.0612017148
-0.0594830624
-0.0601072188
-0.0596101344
-0.0615811482
-0.0605549044
-0.0594971178
-0.0609640194
-0.060911762
-0.0606948594
-0.0604265816
-0.0605856134
-0.0598200092
-0.0595195782
-0.0609314008
-0.05954387
-0.0606188238
-0.060817085
-0.06124773
-0.0600426404
-0.0609248384
-0.0601033996
-0.0604232278
-0.061114531
-0.0612251244
-0.0625263834
-0.0609203604
-0.062892692
-0.0606409344
-0.0614630134
-0.0620909404
-0.0614676662
-0.0607984736
-0.0607523132
-0.061171888
-0.0600332862
-0.0622630004
-0.0616792272
-0.0609122756
-0.0614264492
-0.0604783066
-0.0607050958
-0.0607221662
-0.0609820206
-0.0616380882
-0.0609200888
-0.062654561
-0.060531398
-0.0618146074
-0.0614045806
-0.0602458264
-0.0616859162
-0.0599331712
-0.0601113096
-0.0602487632
-0.0593194744
-0.0614211374
-0.0600668838
-0.061562023
-0.060532202
-0.0604373316
-0.0599666532
-0.060314127
-0.059232417
-0.0596349696
-0.0593143078
-0.0602358616
-0.0588822188
-0.0601115032
-0.0605106052
-0.060755347
-0.0593951712
-0.060535459
-0.060308495
-0.0600729326
-0.0598232662
-0.0574906454
-0.0607346806
-0.0604839572
-0.058688629
-0.0588088
-0.0604894924
-0.0622790434
-0.0612799316
-0.0597953974
-0.061723653
-0.0609013804
-0.061461569
-0.0614834376
-0.061100427
-0.0610107716
-0.0625268002
-0.0605696
-0.0611944154
-0.0606173498
-0.0613138976
-0.0608607738
-0.0610373414
-0.0621940894
-0.0609456312
-0.060431603
-0.059412949
-0.0593905184
-0.0585795578
-0.0588892948
-0.0593375238
-0.0606506086
-0.0595357852
-0.0604884166
-0.0607141112
-0.0613225446
-0.0596423174
-0.061509397
-0.0614025258
-0.0610865652
-0.0613280796
-0.0616232958
-0.0601951098
-0.0613063562
-0.0602708552
-0.0616307404
-0.060767813
-0.0581320174
-0.0610827462
-0.0597471526
-0.0602671328
-0.0593593924
-0.061575788
-0.0589529426
-0.0606202196
-0.0604549158
-0.0613375306
-0.0600699956
-0.0594362618
-0.0611554764
-0.0605739812
-0.0611686308
-0.060404393
-0.0599519576
-0.0613217108
-0.059245784
-0.0616914996
-0.0608555104
-0.0601621228
-0.0597269516
-0.0600807942
-0.0601142948
-0.0606297674
-0.0617296048
-0.0611322416
-0.0595310838
-0.060123087
-0.0602434514
-0.060359018
-0.060237306
-0.0618652272
-0.0591462606
-0.0607773904
-0.0604407338
-0.059523911
-0.0610332022
-0.0616255738
-0.059545731
-0.0617600422
-0.0600249596
-0.0607881404
-0.0607128604
-0.060346552
-0.0604983328
-0.0594756178
-0.060526987
-0.0611075032
-0.0610775312
-0.05985351
-0.0605171676
-0.060725278
-0.060215631
-0.0612180966
-0.0625493278
-0.0620973576
-0.0603835034
-0.0609346578
-0.0602925784
-0.060991598
-0.0596298514
-0.0613425036
-0.0620593008
-0.0603666562
-0.0611928742
-0.0598920806
-0.0616711722
-0.0602372576
-0.0618817542
-0.0619577712
-0.0612250276
-0.061129275
-0.0600923296
-0.061314363
-0.0606234766
-0.0609442838
-0.0612612716
-0.060138393
-0.060170818
-0.0603313426
-0.059981174
-0.0606732142
-0.0595500154
-0.0591544422
-0.0585162302
-0.0596610742
-0.0594571514
-0.0598166554
-0.059840802
-0.0601659904
-0.0598824064
-0.060389727
-0.0596969498
-0.0616433032
-0.0609927222
-0.0607969808
-0.0604440206
-0.060210096
-0.0610242166
-0.0602570416
-0.0620788914
-0.0617636678
-0.0592119928
-0.0603505944
-0.059399824
-0.0585814674
-0.0608617824
-0.0603025432
-0.0598344332
-0.0616863814
-0.0606629778
-0.0612551746
-0.06104594
-0.0610266882
-0.0626963886
-0.0609502356
-0.0602596882
-0.0612570358
-0.0607610568
-0.060549641
-0.0611430884
-0.0615743922
-0.0606747068
-0.0614470966
-0.0611117392
-0.06127714
-0.0604491386
-0.0599012896
-0.0622032982
-0.0605872326
-0.0600062028
-0.0598195924
-0.0604721314
-0.0620473486
-0.0610940098
-0.0608376062
-0.061084704
-0.0619179984
-0.061029063
-0.060139372
-0.0605107504
-0.060167803
-0.059239173
-0.0597230544
-0.0602996546
-0.05976684
-0.0605154516
-0.0600757244
-0.0582502976
-0.0592303326
-0.058822565
-0.0601140528
-0.0597074094
-0.0609773676
-0.060850664
-0.05947111
-0.0599585684
-0.0602387502
-0.0603934008
-0.0616394842
-0.0592519108
-0.0617617098
-0.061815218
-0.0608115016
-0.0605569888
-0.0602975218
-0.0607570144
-0.0609588044
-0.0609112966
-0.0602325562
-0.0594911174
-0.0613972624
-0.0609573118
-0.0614444502
-0.0617786538
-0.0607109026
-0.0631202476
-0.0606934152
-0.0613221276
-0.0610770658
-0.0601192194
-0.060445048
-0.0602885844
-0.0597702234
-0.0607662718
-0.0615534542
-0.0609613542
-0.0603294814
-0.0607244442
-0.060053022
-0.0601814714
-0.0609719294
-0.0591591434
-0.0605472178
-0.0611143858
-0.0602138182
-0.0598228494
-0.0618500178
-0.060440395
-0.0604056436
-0.0586980128
-0.0602867718
-0.0612112142
-0.0609266996
-0.0610114304
-0.0615683918
-0.0619209352
-0.0591691862
-0.060423935
-0.0594083928
-0.0609430814
-0.061389963
-0.0620961554
-0.0615015354
-0.0617036456
-0.0613346904
-0.0587315136
-0.060597052
-0.0609182276
-0.0620753924
-0.0597283474
-0.0594315604
-0.060054321
-0.0614925498
-0.0607816748
-0.0599333944
-0.0596028648
-0.059026313
-0.0604907914
-0.0609350264
-0.0606849916
-0.06159501
-0.060325197
-0.05968936
-0.0607830222
-0.0605567172
-0.0585054022
-0.058374336
-0.0586938252
-0.059371635
-0.0597447294
-0.059140532
-0.0602921132
-0.0592554582
-0.0607162142
-0.0601156424
-0.0601516148
-0.059686345
-0.059380282
-0.060459055
-0.0599817844
-0.060414901
-0.060271272
-0.0624585964
-0.0608695174
-0.0615025628
-0.060548904
-0.0600722738
-0.0601535056
-0.0613628794
-0.0602096306
-0.0600854954
-0.0614903686
-0.0609918696
-0.0615317308
-0.0617372916
-0.0612738344
-0.0610473842
-0.0620772534
-0.0620465928
-0.062034689
-0.0622428962
-0.0617096942
-0.0609847638
-0.0614914444
-0.0617319314
-0.0612241454
-0.0605488556
-0.061692207
-0.0610648716
-0.0610665094
-0.0610766006
-0.0607218758
-0.0609772224
-0.0609661524
-0.0591946022
-0.0595283406
-0.0605069796
-0.0603239948
-0.059743527
-0.0599571242
-0.0607160206
-0.0608039602
-0.0590130428
-0.0613822952
-0.0606444146
-0.0609443322
-0.0634561672
-0.0601853872
-0.0606756858
-0.0601160592
-0.060446589
-0.0607467782
-0.0626270122
-0.0611307192
-0.061994529
-0.062239494
-0.0614824586
-0.0622823974
-0.0616131078
-0.0598056338
-0.0599609432
-0.0612244656
-0.0602578754
-0.0613195296
-0.06262833
-0.0597730636
-0.060649678
-0.0606353024
-0.0605287998
-0.0609949518
-0.0601509074
-0.0599506586
-0.061091635
-0.060282022
-0.061629713
-0.0593980114
-0.0601932004
-0.0603990812
-0.0604411508
-0.0586493996
-0.0607502288
-0.0595843984
-0.0596128294
-0.0589351648
-0.0596419974
-0.0617581326
-0.060335802
-0.0611842274
-0.0606810756
-0.060042834
-0.0598833854
-0.0604598404
-0.0604451448
-0.060301419
-0.0608150788
-0.0610699116
-0.0609178108
-0.060479334
-0.060188499
-0.0631054552
-0.0607244442
-0.061811961
-0.0598416546
-0.0613613088
-0.059882116
-0.0603908512
-0.0624715278
-0.0615522034
-0.0608147586
-0.0601040102
-0.0624357006
-0.0612869594
-0.061027522
-0.0591905598
-0.060339301
-0.0622212696
-0.0624654306
-0.0610874474
-0.0614249564
-0.0602220482
-0.0607076456
-0.0598283844
-0.0602353184
-0.0599655962
-0.0623072808
-0.061163241
-0.0614769236
-0.0618122326
-0.0610832114
-0.0598124678
-0.0624808336
-0.061219124
-0.0593970324
-0.0614145264
-0.0603966578
-0.060412943
-0.0619383742
-0.0602006934
-0.0600846616
-0.0607536606
-0.0610291114
-0.061464264
-0.0624238748
-0.06097286
-0.062582955
-0.0597605492
-0.0608246078
-0.0616956576
-0.0608797538
-0.0609528338
-0.0601779426
-0.0607075972
-0.0603395242
-0.0596523306
-0.0602396324
-0.0608374126
-0.0593771702
-0.0604762706
-0.0611840338
-0.0612130268
-0.061371545
-0.0594395188
-0.0607813546
-0.0613992688
-0.0583461766
-0.0588122022
-0.0610225974
-0.0606021702
-0.0616277738
-0.058937763
-0.0614025742
-0.061361212
-0.0623215784
-0.06173798
-0.0613711766
-0.0624306792
-0.0599792348
-0.062222792
-0.0611781302
-0.0623336274
-0.0609415404
-0.0612514522
-0.0597719878
-0.061342794
-0.0624456652
-0.0621670542
-0.061531072
-0.0612429022
-0.0617701334
-0.060820197
-0.0611347132
-0.060976437
-0.0603950872
-0.0615590376
-0.061029238
-0.0613339052
-0.0601908254
-0.0601908254