5.88825562
7.90426472
8.13482198
7.63976186
7.61113712
7.51625438
6.4703165
5.6325642
4.78751736
5.16077882
5.6647232
5.56853222
6.17197884
6.99122722
6.429984
6.55923744
6.99163092
7.85198362
8.22289662
8.3751953
8.13208858
8.388068
6.34893204
8.0007014
6.95847762
5.14018048
7.50089112
5.4870055
5.54265928
5.87530134
5.4193508
5.45515164
5.95949694
5.73732864
7.16059068
7.2526967
7.10815268
7.42874012
6.85371386
7.61408754
7.30808946
8.0836832
7.85682812
8.28314992
6.04316952
7.06494522
8.52520882
7.4735908
8.15073098
9.41739924
6.23429108
8.79518406
8.33973894
8.6484096
8.69172642
8.5627361
8.43094816
9.11572224
7.86577846
8.7679906
8.24675916
8.43437916
8.29289756
8.35506174
7.99524116
7.8936981
7.71245956
7.38511512
8.10155594
5.22206744
6.73212422
6.83046046
4.3577909
5.94618804
6.27745626
2.3577118
6.48595574
6.85268604
6.0732767
6.89997974
7.07898512
7.42829968
7.60388014
7.32589764
8.09155316
7.99287526
8.5582611
9.45169166
9.79930034
8.67791914
9.1054954
9.71140772
9.12889878
8.38748228
6.59432076
7.97716214
8.16233996
6.17541546
8.17503018
8.56865114
7.25818454
7.13962134
5.88724884
7.03265908
6.77554826
6.50043606
6.4351373
7.15505576
7.56386664
7.97956566
7.8854066
8.47808922
8.09044834
8.50172936
8.4874816
9.53446622
8.6763069
7.8912115
8.62214852
7.59510006
8.29713824
8.51487788
5.1286462
8.10035318
6.81221716
6.68417032
6.93149188
6.8733688
6.66998368
7.14689846
6.80857636
7.70319756
8.10110338
7.98791438
8.49466522
8.3610466
9.26211448
9.24349912
9.2852075
7.82596358
8.07736018
7.5803492
8.20417576
7.69997522
5.24321306
6.18636404
6.80994638
6.93737846
6.82996494
6.98332408
8.20132194
8.23521134
6.84742404
8.33137096
8.43916436
8.26479158
9.79982162
9.65725864
8.64339278
9.65233232
9.27808466
9.1700303
8.23264986
8.42463464
8.46608868
8.12855782
6.05441576
7.8859141
7.070731
4.50336922
6.11503184
7.34175142
6.77432592
7.52203464
7.74933008
7.38669882
7.50702926
7.77965502
7.99441014
8.50599894
7.87207462
8.96879804
9.61491242
8.0975776
8.31516852
9.63166158
9.12087174
8.53740216
8.821536
8.63645844
8.26870242
5.91113906
7.94966692
7.42876592
7.19333438
7.3503402
6.90076056
7.33477052
8.12084364
7.49610576
8.27744918
8.68162026
8.6840786
7.84180966
9.57812864
8.2246352
7.81556368
8.34011826
8.36561368
8.08837846
8.07615254
7.96757824
7.8000416
7.56741244
7.36058558
7.56553676
7.92446322
7.5845149
8.39113496
8.48181986
6.97253974
7.986667
8.36493794
9.158089
9.61794192
8.27335116
8.97667056
7.91540714
8.0395073
8.40534752
8.87603224
8.70485784
8.21280292
8.65552132
7.6463546
7.63005442
7.82644788
7.53318898
4.87266958
7.06056214
8.05011298
8.21040714
7.72212024
8.61732202
9.68299294
9.78742828
8.67045458
8.72739968
8.87634186
6.91059746
8.2250964
7.63016248
6.8120061
7.48196138
7.3772401
7.11044606
7.51420098
7.81975238
7.22333996
7.56748248
8.68143642
7.98672036
8.52523738
9.77494606
9.416582
8.34549984
7.39298366
9.3003165
8.69523764
8.20995434
7.781808
7.06672126
8.22950334
6.63513672
6.12412574
7.0900968
6.80162234
5.69734346
5.70161492
7.61943578
7.63548778
7.38835472
9.0006339
9.02067838
8.6125972
9.22501486
8.71541008
8.7511998
8.82057632
8.03496418
9.51565986
8.32771788
8.62186436
9.30324038
7.10941282
7.85971798
6.45950886
7.83342424
7.14070214
5.89259128
6.3866218
7.4241303
4.8144261
6.70070788
7.32432868
7.83012002
7.93497154
7.9131269
7.96673126
8.35561204
8.27364168
9.22266192
7.65720622
9.19791862
9.1837626
8.71143416
9.35934702
9.38575472
8.61793792
7.85864248
8.54371744
8.11733826
7.5785693
8.707192
7.16833696
7.56190168
8.64460994
6.37496662
8.08436136
8.57806144
9.45343556
8.44126566
7.70972878
8.60150338
7.43160438
8.89521808
7.99604124
8.59133452
9.75877596
9.80201296
8.43558658
7.83654978
8.38544656
7.83569544
7.79439128
7.42915646
5.76262484
7.00383686
7.65246458
5.41835592
7.30186256
7.73080738
9.20132766
8.3098567
9.0317352
9.53470814
8.2187026
9.0745146
9.87337214
8.70582788
7.4909625
8.1535696
8.72374718
9.0359608
9.50380064
7.8913599
8.56129536
8.42869366
6.31187734
7.93337016
7.61613864
5.79937726
7.97071982
7.62991716
5.21631836
7.84049496
8.13866934
8.0929141
8.25645912
9.55672018
8.6676773
8.30580364
9.1902536
8.52597738
8.33333558
8.61581
9.85456226
8.45823166
8.09056282
6.64552656
7.49451486
8.28447754
7.4927131
6.378956
7.7859344
6.7146897
-0.075060677
-0.0749645646
-0.0761399678
-0.074448068
-0.0746607342
-0.0756023918
-0.0750058236
-0.0747084018
-0.0742672058
-0.0743288318
-0.0746531932
-0.0754474046
-0.075668656
-0.075002433
-0.0737805234
-0.0742107924
-0.0747279402
-0.0736439632
-0.0738819396
-0.0752007776
-0.0763768144
-0.0769696968
-0.0765225908
-0.0689112042
-0.0666232358
-0.0654437964
-0.0652316222
-0.0629716936
-0.0592250118
-0.0602522034
-0.0594799084
-0.053324173
-0.0232705704
-0.01245696296
0.0456554862
0.402200674
0.333690184
0.649196488
1.165048316
1.602714246
1.496838024
2.55044226
1.761350496
3.94983892
6.64590392
6.68825164
8.14016438
7.00073934
7.38333178
6.68794976
9.03876688
9.3296094
8.72132894
9.69061604
8.32121088
9.31371984
7.12745834
8.69378994
7.43335378
8.32097318
8.52451646
6.99084294
7.8619396
7.75835374
7.50840918
7.25576416
6.29450026
8.12036482
7.30765178
7.67594362
8.53322318
8.13607826
8.66401212
8.81275604
8.59944352
8.45842814
8.4100874
8.1753106
9.35802114
9.60019418
8.05877802
10.60907786
9.00593448
7.72592742
7.742577
7.65199026
8.48878604
9.4221324
7.4747164
9.54135672
6.2294856
8.45512614
8.72235198
7.46688432
7.58082058
9.1982182
9.02262556
8.30503856
8.86536564
9.19632646
8.38088742
8.48446602
7.85498054
9.3196088
8.09446058
8.04350962
7.90000432
8.68240696
7.55156122
7.18808754
8.32667402
8.47819624
7.38375776
8.0957593
8.30915648
7.20502832
7.53380602
6.62519496
6.90750856
7.60696782
7.69410464
6.94584634
6.78183522
7.7806325
7.9131897
8.58142364
8.53255884
7.5323324
7.61114484
8.46550564
7.6122016
8.28228432
8.75473716
8.33437008
7.61325718
7.86178046
8.628798
7.77108264
8.08681428
8.79075756
8.87584068
7.71228544
7.91248294
7.59728548
7.67767654
6.89133844
7.7338269
8.24069222
7.442135
8.32537424
7.68244648
7.42011212
3.5421031
7.95962588
7.56027186
8.2654822
6.99953612
8.11328664
8.13654602
6.75793528
6.63525308
7.77803144
7.11596992
6.14694598
7.17090624
7.42836298
6.50193512
7.02509126
7.3039314
7.8996574
8.70940216
7.67021602
7.6759359
8.68714556
8.21930658
7.64020062
8.09467346
8.162036
9.19855928
8.4630733
8.61790832
8.0090252
8.37037786
9.01975346
8.90308204
5.98408578
8.2806671
7.89047914
5.46885504
6.6319329
7.82196366
7.9057004
7.76040476
7.04235022
7.80560236
7.89616282
8.0713609
9.771587
8.32196448
8.8949043
9.95914786
8.44094256
9.19933812
9.38600468
8.0719492
9.9863408
9.401378
8.93126492
9.44666648
8.67724598
7.64665516
7.69928422
8.45796554
6.642348
7.90729582
7.65600658
7.32428056
7.32333566
7.69164364
7.12164856
7.84227306
7.65297088
8.1697434
8.0714903
8.77598936
7.8823805
9.03700438
8.89987834
7.75013976
8.0943851
8.2307183
8.09298194
8.51223906
8.64508386
7.44725708
9.53954008
8.8491394
9.96165796
8.74750402
8.10742306
8.575905
-0.0762056814
-0.0766008312
-0.0766437498
-0.0757458748
-0.0757354064
-0.0767901952
-0.0762487444
-0.0760538936
-0.0757410562
-0.076414202
-0.0752822124
-0.0753113882
-0.0748739376
-0.075062123
-0.0755066404
-0.0757969182
-0.0761275794
-0.0762536032
-0.0767080036
-0.0752907058
-0.075607884
-0.0758336686
-0.077069474
-0.0751433556
-0.0750325142
-0.0755854724
-0.0754587888
-0.0760489326
-0.0744605788
-0.0753451054
-0.0746996388
-0.0766332464
-0.0751632032
-0.0759489652
-0.075295151
-0.075977508
-0.0756800572
-0.0745556096
-0.0766954828
-0.0745535872
-0.0756593818
-0.0760347336
-0.0748923962
-0.076409
-0.0769383106
-0.0770805332
-0.0771594192
-0.0764978036
-0.075673191
-0.0761440492
-0.0764487732
-0.0748118796
-0.0753287598
-0.0766378986
-0.077572528
-0.0764341682
-0.076807152
-0.076448281
-0.0781894062
-0.0773988034
-0.0765122414
-0.0766096942
-0.0758190742
-0.0763789742
-0.0762424278
-0.0753812872
-0.0759283192
-0.0749687022
-0.0752542872
-0.075512577
-0.0759481248
-0.0750323232
-0.0749906696
-0.076372362
-0.07712538
-0.0765863066
-0.0758939764
-0.0764468906
-0.077238138
-0.0765840564
-0.0764300712
-0.0777950378
-0.0754164284
-0.0768741318
-0.0757059734
-0.075494496
-0.07715896
-0.0755123794
-0.0756931916
-0.0775335682
-0.0772722338
-0.0765498988
-0.0764925526
-0.077267131
-0.0762467018
-0.0766898928
-0.0756475774
-0.0783561604
-0.0755736012
-0.0766290902
-0.0767647364
-0.0772676968
-0.0768855488
-0.0763650326
-0.077159195
-0.0748751748
-0.0763992478
-0.0767401946
-0.0748297904
-0.0764170794
-0.0766743686
-0.076913244
-0.0768933624
-0.0759967
-0.0760529572
-0.0763707956
-0.0748236766
-0.0763839644
-0.0763188402
-0.0760064558
-0.0760002242
-0.0741230594
-0.07658316
-0.0758292132
-0.0754276216
-0.0755526388
-0.0757253292
-0.0764513794
-0.0760171158
-0.0763243698
-0.07511121
-0.0759474256
-0.0754698552
-0.0765667664
-0.0781525064
-0.0761839678
-0.0757025926
-0.0754890382
-0.0769651796
-0.0769421366
-0.077166408
-0.0781221904
-0.0769443294
-0.0755105432
-0.0770023216
-0.077189324
-0.0764466036
-0.0753182042
-0.0761179006
-0.076864827
-0.075920914
-0.0762653432
-0.075963691
-0.0761565886
-0.0769769878
-0.0760776418
-0.0760952058
-0.0764636772
-0.077765441
-0.0758329876
-0.0753174748
-0.0772976956
-0.0761910628
-0.0767200862
-0.0765337256
-0.076022585
-0.0742631464
-0.0756892818
-0.075273577
-0.0751628098
-0.0762223578
-0.075352727
-0.0768711882
-0.0760339302
-0.0775974724
-0.0761395526
-0.0756140898
-0.0757104592
-0.075511298
-0.0769821686
-0.0767482068
-0.076266153
-0.0759546008
-0.0763860286
-0.0757755778
-0.0756467286
-0.0761055084
-0.0747293802
-0.075267454
-0.0763405944
-0.0760751342
-0.0770213838
-0.0766726628
-0.077301717
-0.0770210756
-0.0760559844
-0.0772674574
-0.0779597342
-0.0751309838
-0.0772249008
-0.0767399714
-0.0767774358
-0.076547641
-0.07484346
-0.0756943982
-0.0767308526
-0.074889463
-0.0741847978
-0.0750166402
-0.0760344686
-0.0771153678
-0.0756722934
-0.0763433088
-0.0757717638
-0.0746966576
-0.0758935884
-0.0770282652
-0.0751230794
-0.075615075
-0.076377141
-0.0757160144
-0.0748858244
-0.0751851546
-0.0758669328
-0.0772387992
-0.0755677458
-0.0761465006
-0.0765726148
-0.0766399306
-0.0774030332
-0.0760653476
-0.0777749156
-0.0773769224
-0.0779371786
-0.0743011872
-0.0757203186
-0.0763164344
-0.076249492
-0.075108097
-0.0767076418
-0.0759006016
-0.0754481284
-0.0756120156
-0.0769688684
-0.075111696
-0.0756639784
-0.0759090736
-0.0761691952
-0.0750019996
-0.0763638526
-0.0760264818
-0.0758364284
-0.0765701818
-0.0766179674
-0.0749108138
-0.0769030662
-0.075280573
-0.0751301576
-0.0742927412
-0.0753275656
-0.0762189548
-0.0760689134
-0.0766555138
-0.076968658
-0.0783507854
-0.0768284632
-0.0782133016
-0.0753092726
-0.0759977492
-0.0758685214
-0.0761601458
-0.0765193502
-0.0762422168
-0.075812977
-0.0752285612
-0.0777944974
-0.0763816738
-0.0771006458
-0.0764587406
-0.075825412
-0.0769841904
-0.0766059458
-0.0766914044
-0.0779749374
-0.076964523
-0.0763498422
-0.0771567802
-0.0775734072
-0.0770131378
-0.0778501408
-0.0773412574
-0.0769427158
-0.077125987
-0.0771674774
-0.0770419006
-0.0772668984
-0.0762630126
-0.0763985632
-0.0756458148
-0.0762096384
-0.077152384
-0.0776198984
-0.077414615
-0.076381973
-0.07569565
-0.0780135462
-0.0778270314
-0.0777189362
-0.0777287846
-0.076738243
-0.0784767486
-0.0777612576
-0.077232408
-0.0773104066
-0.0769011944
-0.0767050928
-0.077548965
-0.0773269752
-0.0771017852
-0.0761067162
-0.0779875454
-0.0755262422
-0.0773201708
-0.0771932062
-0.0770218758
-0.0772498552
-0.0764563606
-0.07732585
-0.077886718
-0.0780327648
-0.0770661046
-0.077210974
-0.077725945
-0.0758853642
-0.0773213378
-0.0780561016
-0.0748251448
-0.0766608898
-0.0766825296
-0.0755266788
-0.0762273592
-0.0765437018
-0.0766706736
-0.0758481574
-0.076091287
-0.0769499978
-0.0763771722
-0.0766523802
-0.0758565722
-0.0761327094
-0.0752177124
-0.075257131
-0.0757264576
-0.0764416598
-0.0774903224
-0.076658988
-0.0755228436
-0.0755335562
-0.0753570226
-0.0746115114
-0.07546888
-0.0748579378
-0.0754259856
-0.0748246878
-0.0762407402
-0.07630796
-0.0757398754
-0.0765950008
-0.0751882078
-0.0751959042
-0.075209771
-0.0766643788
-0.0762377032
-0.0746389188
-0.0766275452
-0.0755981978
-0.075612473
-0.0755445912
-0.0748290138
-0.07731734
-0.0748619646
-0.0765259562
-0.075188424
-0.0759130666
-0.0749916754
-0.0743085946
-0.0750984178
-0.0750022418
-0.0763960132
-0.0762056066
-0.0757063492
-0.0752329764
-0.0757337634
-0.0749710312
-0.0772290064
-0.0757470876
-0.075247925
-0.0751722978
-0.0760559108
-0.0771438108
-0.0771768148
-0.0762391354
-0.0765918452
-0.0752204588
-0.0765068042
-0.075519152
-0.0753282092
-0.076128766
-0.0756973086
-0.0743926682
-0.0754094782
-0.075807375
-0.0762489652
-0.0752457592
-0.0754331472
-0.0762930002
-0.0757881994
-0.0760142922
-0.0749391168
-0.0747783256
-0.0757200088
-0.0762296376
-0.075579779
-0.0750785796
-0.0749060644
-0.0756459822
-0.0761598102
-0.0760400828
-0.0769688108
-0.075562322
-0.0750046292
-0.0778609524
-0.075781076
-0.0762509276
-0.0763530294
-0.0755476526
-0.0748145808
-0.0761190312
-0.0750487908
-0.0747628686
-0.077042731
-0.0751762652
-0.0758212718
-0.076743237
-0.0764410956
-0.075059775
-0.0753817198
-0.0764799144
-0.0767770526
-0.0753468458
-0.0774093978
-0.075172308
-0.0772148078
-0.0779264578
-0.077037459
-0.076656849
-0.0762260452
-0.075784418
-0.0748331354
-0.075019516
-0.0759609234
-0.0761289536
-0.0751784226
-0.0762329516
-0.0754253688
-0.076417732
-0.0751441402
-0.077164587
-0.0770689924
-0.0757460858
-0.0754722618
-0.0767321602
-0.0761092136
-0.0761092136