-0.0568428968
-0.0577489778
-0.0575119024
-0.0563926412
-0.0566693592
-0.0572932066
-0.057115768
-0.0575259968
-0.0572962962
-0.0561600398
-0.056598423
-0.0575385548
-0.057750547
-0.0559411688
-0.0559076132
-0.0557529332
-0.0564104676
-0.0571362392
-0.0558660658
-0.0570942176
-0.0580390752
-0.0548882152
-0.0557550288
-0.0568005084
-0.0575227414
-0.0573323702
-0.05606608
-0.0574347126
-0.0558613788
-0.0580000136
-0.0563100136
-0.0573267836
-0.0561784116
-0.0568157292
-0.0576619208
-0.0574706282
-0.0581521654
-0.0573070168
-0.0568046408
-0.0570834686
-0.056397217
-0.0581441914
-0.0566358602
-0.0581679932
-0.0575795952
-0.0571286122
-0.0565175722
-0.0568475004
-0.0588984398
-0.0585874542
-0.0573704502
-0.057443075
-0.0586294864
-0.0581578732
-0.057291129
-0.0556444866
-0.0556015608
-0.0565409082
-0.0565643322
-0.055906703
-0.0558375058
-0.0579584202
-0.0580985454
-0.0563659116
-0.0573790842
-0.0556055122
-0.0558094838
-0.056537142
-0.057040566
-0.0566511436
-0.0566609834
-0.0581020478
-0.055961671
-0.0571822772
-0.0557622264
-0.0575046512
-0.057293946
-0.0575619148
-0.057613451
-0.0562781446
-0.057145542
-0.0562030662
-0.0561523458
-0.0562820084
-0.0575987842
-0.0577141538
-0.0577157318
-0.0572916768
-0.05591184
-0.0563846326
-0.055941616
-0.0584351624
-0.0564855254
-0.0585837844
-0.0564194034
-0.0569317564
-0.0581712048
-0.0567988006
-0.0567599978
-0.0579611248
-0.0571851612
-0.0582437492
-0.0549161954
-0.0582275836
-0.0574812476
-0.0576236736
-0.0580963254
-0.0579456826
-0.0574048046
-0.0572088852
-0.0570093488
-0.0569419338
-0.0579465674
-0.0561546736
-0.055726799
-0.0578529056
-0.0561439686
-0.0562355404
-0.0557737852
-0.0563994646
-0.0579279714
-0.0574623882
-0.0571264248
-0.0572953594
-0.0561897654
-0.0566953368
-0.0566751546
-0.0562939166
-0.058041639
-0.0563177534
-0.0585114876
-0.0568084928
-0.0574477428
-0.0572443494
-0.056839298
-0.0583199002
-0.0566735204
-0.05638945
-0.0572522026
-0.0563645416
-0.0559949332
-0.055847321
-0.055555315
-0.0568541644
-0.0578445182
-0.0560887862
-0.0574152584
-0.0568715588
-0.0575517352
-0.0580313668
-0.0572946638
-0.057297988
-0.0564228
-0.0564070932
-0.0573822982
-0.0577345038
-0.0568778472
-0.0567674498
-0.056804385
-0.0574811134
-0.0578322692
-0.0571912694
-0.057732225
-0.0575625028
-0.0563375262
-0.057089791
-0.0578873262
-0.0573950118
-0.0581222014
-0.0576903292
-0.0578719806
-0.0557159524
-0.0578357062
-0.0569437254
-0.0583593834
-0.0569635954
-0.0578571472
-0.0566497108
-0.0584963534
-0.0574523214
-0.0571827524
-0.0575188098
-0.0577570796
-0.0582722546
-0.056488979
-0.0571618106
-0.0560154914
-0.0574989762
-0.057147409
-0.0572390942
-0.0578186694
-0.057139953
-0.0585074904
-0.0575586156
-0.0563053246
-0.0571963342
-0.0577958472
-0.057098317
-0.056786777
-0.0563435704
-0.0576312756
-0.056902218
-0.0563218004
-0.0562593474
-0.0576702332
-0.0565860354
-0.0580702382
-0.0567571898
-0.0578025392
-0.0578439326
-0.0577099522
-0.0577426844
-0.0592043262
-0.057185073
-0.0587809294
-0.0567881974
-0.0569581058
-0.0566216574
-0.0571890492
-0.0571113938
-0.0566581672
-0.0577682562
-0.0579730934
-0.0570621544
-0.0573051804
-0.0581157442
-0.0571312152
-0.0575837438
-0.0572975668
-0.05600617
-0.0570851084
-0.0567289844
-0.0558933256
-0.0580766512
-0.0575037918
-0.0561840352
-0.0587858434
-0.0576081094
-0.0575195516
-0.0578497554
-0.0562147186
-0.0582429022
-0.0584966152
-0.0577901384
-0.0580828136
-0.0559721344
-0.0574972948
-0.057449621
-0.0575875816
-0.0571327
-0.057130874
-0.0560687992
-0.0569993188
-0.0557729762
-0.0576766472
-0.0578737406
-0.0574528322
-0.0569740708
-0.0579436232
-0.057599753
-0.057227728
-0.0577611418
-0.0573655328
-0.0567432618
-0.057822265
-0.0579464912
-0.0561694262
-0.0575931982
-0.0562033696
-0.0558517814
-0.058255219
-0.0561475132
-0.0572163912
-0.0569288732
-0.0565287676
-0.055758795
-0.0556790208
-0.0564556854
-0.0569326798
-0.0569859976
-0.0561345806
-0.0555576104
-0.056204462
-0.0561251952
-0.0570291486
-0.0570665098
-0.0570763994
-0.0562639192
-0.0575987294
-0.0551775604
-0.0569733958
-0.0570263324
-0.05861833
-0.0559448812
-0.0573281102
-0.056779371
-0.0567990936
-0.0558960816
-0.056551192
-0.0578137594
-0.0568157986
-0.0562977238
-0.0584920122
-0.0577370752
-0.0577578084
-0.0570540864
-0.0563466822
-0.0562083604
-0.0575488358
-0.0575517182
-0.0580887804
-0.0571116834
-0.0576390192
-0.0583016018
-0.0562334048
-0.0573883064
-0.057814192
-0.0583836898
-0.0560881564
-0.0568307456
-0.0571711544
-0.0579023154
-0.0575278994
-0.0587001092
-0.0558246598
-0.0575786744
-0.0584096836
-0.0581269986
-0.0566308932
-0.0574425374
-0.0576250198
-0.058227876
-0.0563482044
-0.0564184242
-0.0572330092
-0.0579453214
-0.0590145274
-0.0578970522
-0.056232785
-0.0567247666
-0.0566557314
-0.0567159376
-0.0579397418
-0.0575396788
-0.0578210068
-0.0574613114
-0.0570349076
-0.0561050366
-0.056736052
-0.057388455
-0.0577320702
-0.056334113
-0.0576512442
-0.0564568194
-0.0570666478
-0.0562359852
-0.0570081876
-0.0583901698
-0.0556058882
-0.0572536122
-0.0574800828
-0.055884039
-0.0544548384
-0.0566820406
-0.0581710074
-0.0579661576
-0.0563695698
-0.0571689742
-0.0555234934
-0.057772242
-0.0581603816
-0.0573494026
-0.0576809746
-0.0573946776
-0.057912098
-0.0552392336
-0.057487453
-0.0576798586
-0.0565655912
-0.0568678546
-0.0569007088
-0.0571351214
-0.0563654662
-0.0584088456
-0.0573955776
-0.0582002082
-0.0575244274
-0.0580645992
-0.0558664604
-0.0581530172
-0.0577939296
-0.058201716
-0.0579982116
-0.060218284
-0.0593231668
-0.057633512
-0.0568600844
-0.0591647784
-0.0590992072
-0.0582249898
-0.057578625
-0.0574307012
-0.0580781922
-0.0572820988
-0.0585233178
-0.058416675
-0.0567696008
-0.05700288
-0.0576479296
-0.0570966996
-0.0578994296
-0.0581877032
-0.058125563
-0.0576082754
-0.0581474786
-0.0557029742
-0.0576505582
-0.056739713
-0.0578063532
-0.0571631584
-0.05791289
-0.056466141
-0.057798005
-0.0585532836
-0.0562145866
-0.0577039674
-0.057041384
-0.0589402956
-0.0581603606
-0.0562075924
-0.0580301776
-0.0576850186
-0.0569767342
-0.0566332434
-0.057950284
-0.05587222
-0.0573834312
-0.0589094472
-0.0574272054
-0.0578013706
-0.058745759
-0.055962651
-0.0570707696
-0.0572579386
-0.0591771648
-0.057844659
-0.057295703
-0.0582555956
-0.0568854198
-0.0570438328
-0.0568656506
-0.0577940734
-0.0577840834
-0.0566842988
-0.057023957
-0.0574895658
-0.0551092872
-0.0570982192
-0.0566081186
-0.0568571664
-0.0579918222
-0.0568651572
-0.057636565
-0.0577371162
-0.057940569
-0.056764602
-0.0566349208
-0.0559576018
-0.056757544
-0.0572350878
-0.0577720206
-0.0574645854
-0.0565055244
-0.0552784794
-0.057394981
-0.0552083566
-0.055901682
-0.0555988812
-0.055932157
-0.0567961142
-0.0584037784
-0.0576085096
-0.057845591
-0.0571736856
-0.057940042
-0.0562592408
-0.056165393
-0.0563444564
-0.0547434322
-0.05527122
-0.0563946128
-0.0548083182
-0.0572515544
-0.0578083196
-0.0563339352
-0.0572372918
-0.0563826902
-0.0561238342
-0.0560340204
-0.0569194932
-0.0581075046
-0.0571734538
-0.056518425
-0.0582890044
-0.0554238194
-0.0560006188
-0.0564479362
-0.0569064286
-0.0558341014
-0.0563219414
-0.0563738086
-0.0571550936
-0.0577749748
-0.0570282714
-0.0576500794
-0.0563914846
-0.0568214432
-0.0567874548
-0.0571682066
-0.0575305806
-0.0570135842
-0.0565723808
-0.0556854078
-0.0569119502
-0.057675249
-0.056271418
-0.0555451996
-0.0556684708
-0.056317649
-0.0569704422
-0.0563473938
-0.0570572228
-0.0572718844
-0.0563874374
-0.0574694226
-0.0563306152
-0.0572145392
-0.0575842852
-0.0560225202
-0.0568702586
-0.0572499758
-0.0568668802
-0.0568887346
-0.057413052
-0.0583468058
-0.0575171014
-0.0565613884
-0.0561357358
-0.05791234
-0.0564544152
-0.0559227984
-0.0577695688
-0.0565167702
-0.0568506156
-0.056422164
-0.0570932272
-0.056582133
-0.0570358054
-0.0558707594
-0.0555604746
-0.0565189132
-0.0571069818
-0.0561152704
-0.0568484866
-0.0559992698
-0.055605061
-0.0565652698
-0.0565496488
-0.0571171472
-0.0548617656
-0.055485639
-0.0534713956
-0.0554789532
-0.0545631898
-0.0564746526
-0.0562351922
-0.0562768188
-0.0550864066
-0.055391319
-0.0551858412
-0.0571167624
-0.055751073
-0.0550954756
-0.056566289
-0.055415587
-0.0565456084
-0.0562940546
-0.0562598744
-0.0563301148
-0.0565670788
-0.0560238154
-0.0569176324
-0.0563567796
-0.0564500416
-0.0570597624
-0.0568136796
-0.055701806
-0.056370499
-0.0568955836
-0.0569612716
-0.0556817382
-0.0569835166
-0.055897327
-0.0556013422
-0.0567331198
-0.0557905658
-0.056768063
-0.057195348
-0.0569894676
-0.0560311858
-0.0572667928
-0.0572656282
-0.0559129948
-0.0561715168
-0.0570611798
-0.0557779048
-0.0550566632
-0.0560228488
-0.0557516376
-0.0557825156
-0.0551326462
-0.05622088
-0.0553345564
-0.056562725
-0.0570485218
-0.0568228952
-0.0551198286
-0.0552558692
-0.0556191754
-0.056022488
-0.056129811
-0.057064058
-0.0557372848
-0.0567107852
-0.056114857
-0.0568686826
-0.057890302
-0.0564760486
-0.0562762624
-0.056080696
-0.057556409
-0.055936348
-0.056661491
-0.0571001592
-0.0559181102
-0.0566478498
-0.0567649238
-0.0565880874
-0.0565495396
-0.0553330546
-0.055413818
-0.0581401396
-0.0556624628
-0.0561277846
-0.0560600636
-0.0560304164
-0.0550399666
-0.054007372
-0.0551900708
-0.0549423266
-0.0559086812
-0.054871838
-0.0564193564
-0.056337385
-0.0557946612
-0.0569432426
-0.0545150528
-0.0565815104
-0.0545205178
-0.0572054282
-0.0554312824
-0.056934632
-0.0567229658
-0.0565438484
-0.054909011
-0.0549087348
-0.0553791576
-0.0573889816
-0.0559182862
-0.0557055194
-0.056111199
-0.0555548842
-0.0573174844
-0.0563164912
-0.0560315934
-0.0564465562
-0.0557370104
-0.0573005296
-0.0558986872
-0.05556701
-0.0569085504
-0.057801678
-0.0576067608
-0.0559084184
-0.056061698
-0.056578218
-0.055797451
-0.0572872204
-0.0562983044
-0.0562182538
-0.0556968848
-0.0567429362
-0.057378844
-0.0576756786
-0.0569240372
-0.0577850212
-0.0553210182
-0.0562738962
-0.0560173868
-0.0578243832
-0.0565408524
-0.0562546432
-0.0567448818
-0.0569829524
-0.0569289722
-0.0573258288
-0.0563379766
-0.0578777488
-0.0560285474
-0.057097473
-0.0546594016
-0.0563634372
-0.0544882754
-0.0574434946
-0.0568621592
-0.0576072112
-0.0560046426
-0.0561416546
-0.055844835
-0.0555387266
-0.0564766532
-0.0566254224
-0.0551332188
-0.0558951026
-0.056753898
-0.055648206
-0.0566538702
-0.0558981
-0.056675073
-0.0575669568
-0.0568061114
-0.0561497468
-0.0542146694
-0.0562002714
-0.0568789752
-0.0563301898
-0.0562742428
-0.0553086636
-0.0549374492
-0.055363326
-0.0564927488
-0.0578340078
-0.0570612966
-0.057218492
-0.0564940366
-0.0566685924
-0.0562576618
-0.0570870544
-0.0564854404
-0.0572047358
-0.0560492658
-0.0566429294
-0.0581563836
-0.0586342988
-0.0578546646
-0.056789197
-0.0577507454
-0.0571122984
-0.0581293774
-0.0564020438
-0.0570263614
-0.0569269682
-0.0557771172
-0.056460622
-0.056299187
-0.0551114874
-0.0576674994
-0.0570927578
-0.0576250538
-0.0558815302
-0.0561211566
-0.0568263764
-0.0569805718
-0.0558234514
-0.0565522894
-0.057172032
-0.0556209562
-0.054918846
-0.0555236586
-0.055727555
-0.05704196
-0.0572852158
-0.0570819008
-0.0576527898
-0.0564652294
-0.0556329256
-0.0570038214
-0.0577168664
-0.0578171348
-0.0577619798
-0.0563944944
-0.0584502754
-0.0566575532
-0.0576334542
-0.0579448162
-0.058371709
-0.0580256156
-0.058448553
-0.056557899
-0.0557450212
-0.0566138604
-0.057615547
-0.055863228
-0.056408513
-0.0585319618
-0.0576062228
-0.0572572118
-0.0570059294
-0.0570024166
-0.0561491952
-0.057524519
-0.0577188042
-0.0566676676
-0.0578309986
-0.057327078
-0.0570310108
-0.0572787702
-0.058522098
-0.056639556
-0.0567474184
-0.0559464716
-0.058204993
-0.0579577158
-0.057675885
-0.0582833304
-0.0571060298
-0.0571559804
-0.0570028284
-0.0563806398
-0.055608686
-0.0564517678
-0.0561200388
-0.0575764462
-0.0580005792
-0.057075563
-0.0565494084
-0.0567341426
-0.0551878998
-0.056145896
-0.0558926584
-0.056749517
-0.0564245002
-0.057022774
-0.0574763774
-0.056596484
-0.0562588128
-0.0564033768
-0.057202718
-0.0569443434
-0.0558256136
-0.0570311016
-0.0583560324
-0.0575966856
-0.0572824658
-0.0569343036
-0.0577070754
-0.0571516982
-0.0562880296
-0.0564418626
-0.0568706884
-0.0568727904
-0.0559873786
-0.056416595
-0.0563724256
-0.0561419202
-0.0571267532
-0.0561714384
-0.0554308444
-0.0575645864
-0.0573645114
-0.0594811384
-0.0578389804
-0.0565148638
-0.0579662138
-0.0573963016
-0.0574871206
-0.0573311728
-0.0567548824
-0.0580516996
-0.057123976
-0.057378389
-0.0565735538
-0.0573520802
-0.0569090198
-0.0580121078
-0.056491267
-0.055897157
-0.0563210744
-0.0574550516
-0.0572531136
-0.0576850856
-0.0582783272
-0.0576646112
-0.0589557514
-0.0586253818
-0.0569205666
-0.0575579534
-0.0587626018
-0.0572865522
-0.0580002348
-0.0593320986
-0.057029416
-0.057549743
-0.058799989
-0.0576275094
-0.0579925774
-0.0571853882
-0.058240312
-0.0583137514
-0.0574368382
-0.059344646
-0.0575074802
-0.0575884648
-0.059598043
-0.0590695724
-0.0578868026
-0.0591933722
-0.0590911596
-0.0599006728
-0.0581700828
-0.0576185074
-0.0577711262
-0.0592979714
-0.0590806118
-0.059912548
-0.0586548202
-0.0578197994
-0.0574950844
-0.0606636838
-0.0583693206
-0.0594240078
-0.0595353166
-0.0582695698
-0.0573372092
-0.0571672752
-0.0576960794
-0.058991148
-0.059064153
-0.0584028934
-0.058617332
-0.0594692278
-0.0588728238
-0.0585175744
-0.0582299938
-0.0600310996
-0.0580332132
-0.0580332132