164.19726698700106
164.19726698700106
164.19726698700106
164.19726698700106
164.19726698700106
164.19726698700106
164.19726698700106
164.19726698700106
164.19726698700106
164.19726698700106
164.19726698700106
164.19726698700106
164.19726698700106
164.19726698700106
164.19726698700106
164.19726698700106
164.19726698700106
164.19726698700106
164.19726698700106
164.19726698700106
164.19726698700106
164.19726698700106
164.19726698700106
164.19726698700106
164.19726698700106
164.19726698700106
164.19726698700106
164.19726698700106
164.19726698700106
164.19726698700106
164.19726698700106
164.19726698700106
164.19726698700106
164.19726698700106
164.19726698700106
164.19726698700106
164.19726698700106
164.19726698700106
164.19726698700106
164.19726698700106
164.19726698700106
164.19726698700106
164.19726698700106
164.19726698700106
164.19726698700106
164.19726698700106
164.19726698700106
164.19726698700106
164.19726698700106
164.19726698700106
164.19726698700106
164.19726698700106
164.19726698700106
164.19726698700106
164.19726698700106
164.19726698700106
164.19726698700106
164.19726698700106
164.19726698700106
164.19726698700106
164.19726698700106
164.19726698700106
164.19726698700106
164.19726698700106
164.19726698700106
164.19726698700106
164.19726698700106
164.19726698700106
164.19726698700106
164.19726698700106
164.19726698700106
164.19726698700106
164.19726698700106
164.19726698700106
164.19726698700106
164.19726698700106
164.19726698700106
164.19726698700106
164.19726698700106
164.19726698700106
164.19726698700106
164.19726698700106
164.19726698700106
164.19726698700106
164.19726698700106
164.19726698700106
164.19726698700106
164.19726698700106
164.19726698700106
164.19726698700106
164.19726698700106
164.19726698700106
164.19726698700106
164.19726698700106
164.19726698700106
164.19726698700106
164.19726698700106
164.19726698700106
164.19726698700106
164.19726698700106
164.19726698700106
164.19726698700106
164.19726698700106
164.19726698700106
164.19726698700106
164.19726698700106
164.19726698700106
164.19726698700106
164.19726698700106
164.19726698700106
164.19726698700106
164.19726698700106
164.19726698700106
164.19726698700106
164.19726698700106
164.19726698700106
164.19726698700106
164.19726698700106
164.19726698700106
164.19726698700106
164.19726698700106
164.19726698700106
164.19726698700106
164.19726698700106
164.19726698700106
164.19726698700106
164.19726698700106
164.19726698700106
164.19726698700106
164.19726698700106
164.19726698700106
164.19726698700106
164.19726698700106
164.19726698700106
164.19726698700106
164.19726698700106
164.19726698700106
164.19726698700106
164.19726698700106
164.19726698700106
164.19726698700106
164.19726698700106
164.19726698700106
164.19726698700106
164.19726698700106
164.19726698700106
164.19726698700106
164.19726698700106
164.19726698700106
164.19726698700106
164.19726698700106
164.19726698700106
164.19726698700106
164.19726698700106
164.19726698700106
164.19726698700106
164.19726698700106
164.19726698700106
164.19726698700106
164.19726698700106
164.19726698700106
164.19726698700106
164.19726698700106
164.19726698700106
164.19726698700106
164.19726698700106
164.19726698700106
164.19726698700106
164.19726698700106
164.19726698700106
164.19726698700106
164.19726698700106
164.19726698700106
164.19726698700106
164.19726698700106
164.19726698700106
164.19726698700106
164.19726698700106
164.19726698700106
164.19726698700106
164.19726698700106
164.19726698700106
164.19726698700106
164.19726698700106
164.19726698700106
164.19726698700106
164.19726698700106
164.19726698700106
164.19726698700106
164.19726698700106
164.19726698700106
164.19726698700106
164.19726698700106
164.19726698700106
164.19726698700106
164.19726698700106
164.19726698700106
164.19726698700106
164.19726698700106
164.19726698700106
164.19726698700106
164.19726698700106
164.19726698700106
164.19726698700106
164.19726698700106
164.19726698700106
164.19726698700106
164.19726698700106
164.19726698700106
164.19726698700106
164.19726698700106
164.28515761300514
164.28515761300514
164.28515761300514
164.72461074300372
165.2519544989991
165.2519544989991
165.38379043800524
165.38379043800524
165.38379043800524
165.38379043800524
165.86718888100586
165.86718888100586
165.86718888100586
166.2626966980024
166.2626966980024
165.82324356800382
165.38379043800524
165.38379043800524
165.3398451250032
165.3398451250032
165.3398451250032
165.3398451250032
164.76855605600576
164.76855605600576
164.76855605600576
164.76855605600576
164.76855605600576
164.76855605600576
164.76855605600576
164.76855605600576
164.76855605600576
164.2412123000031
164.2412123000031
164.2412123000031
164.2412123000031
164.2412123000031
163.80175917000452
163.45019666600274
163.45019666600274
163.45019666600274
163.45019666600274
163.36230604000593
163.27441541400185
163.27441541400185
163.27441541400185
163.27441541400185
162.79101697100123
162.79101697100123
162.79101697100123
162.79101697100123
162.79101697100123
162.26367321500584
162.26367321500584
162.26367321500584
162.26367321500584
162.26367321500584
162.26367321500584
162.26367321500584
162.26367321500584
161.82422008499998
161.42871226800344
161.42871226800344
161.42871226800344
161.42871226800344
161.42871226800344
161.42871226800344
161.3847669550014
160.90136851200077
160.90136851200077
160.90136851200077
160.90136851200077
160.90136851200077
160.90136851200077
160.90136851200077
160.76953257300192
160.33007944300334
160.33007944300334
160.33007944300334
160.33007944300334
160.33007944300334
160.33007944300334
159.89062631300476
159.89062631300476
159.89062631300476
159.89062631300476
159.89062631300476
159.89062631300476
159.80273568700068
159.80273568700068
159.80273568700068
159.80273568700068
160.33007944300334
160.15429819100245
160.15429819100245
160.15429819100245
159.80273568700068
159.80273568700068
159.80273568700068
159.80273568700068
159.80273568700068
159.80273568700068
159.80273568700068
159.80273568700068
159.2753919310053
159.2753919310053
159.2753919310053
158.79199348800466
158.79199348800466
158.79199348800466
158.79199348800466
158.79199348800466
158.79199348800466
158.79199348800466
158.79199348800466
158.79199348800466
158.79199348800466
158.79199348800466
158.79199348800466
158.79199348800466
158.79199348800466
158.79199348800466
158.79199348800466
158.79199348800466
158.79199348800466
158.79199348800466
158.79199348800466
158.79199348800466
158.79199348800466
158.79199348800466
158.79199348800466
158.79199348800466
158.79199348800466
158.79199348800466
158.79199348800466
158.79199348800466
158.79199348800466
158.79199348800466
158.79199348800466
158.79199348800466
158.79199348800466
158.79199348800466
158.79199348800466
158.79199348800466
158.79199348800466
158.264649732002
158.264649732002
158.264649732002
158.264649732002
158.264649732002
158.264649732002
158.264649732002
158.264649732002
157.82519660200342
164.72461074300372
164.72461074300372
164.72461074300372
164.72461074300372
164.72461074300372
164.72461074300372
164.72461074300372
164.72461074300372
164.72461074300372
164.72461074300372
164.72461074300372
164.72461074300372
164.72461074300372
164.72461074300372
164.72461074300372
164.72461074300372
164.72461074300372
164.72461074300372
164.72461074300372
164.72461074300372
164.76855605600576
165.29589981200115
165.38379043800524
165.82324356800382
166.3505873239992
166.79004045400507
167.2734388970057
167.80078265300108
168.32812640900374
168.81152485200437
170.5693373719987
170.5693373719987
171.75586082300288
172.54687645700324
173.77734522100218
174.61230616800458
176.1943374360053
177.1171890090045
178.74316559
178.74316559
178.74316559
178.74316559
178.74316559
178.74316559
178.74316559
178.74316559
178.74316559
178.74316559
178.74316559
178.74316559
178.74316559
178.74316559
178.74316559
178.74316559
178.74316559
178.74316559
178.74316559
178.74316559
178.74316559
178.74316559
178.74316559
178.74316559
178.74316559
178.74316559
178.74316559
178.74316559
178.74316559
178.74316559
178.74316559
178.74316559
178.74316559
178.74316559
178.74316559
178.74316559
178.74316559
178.74316559
178.74316559
178.74316559
178.74316559
178.74316559
178.74316559
178.74316559
178.74316559
178.74316559
178.74316559
178.74316559
178.74316559
178.74316559
178.74316559
178.74316559
178.74316559
178.74316559
178.74316559
178.74316559
178.74316559
178.74316559
178.74316559
178.74316559
178.74316559
178.74316559
178.74316559
178.74316559
178.74316559
178.74316559
178.74316559
178.74316559
178.74316559
178.74316559
178.74316559
178.74316559
178.74316559
178.74316559
178.74316559
178.74316559
178.74316559
178.74316559
178.74316559
178.74316559
178.74316559
178.74316559
178.74316559
178.74316559
178.74316559
178.74316559
178.74316559
178.74316559
178.74316559
178.74316559
178.74316559
178.74316559
178.74316559
178.74316559
178.74316559
178.74316559
178.74316559
178.74316559
178.74316559
178.74316559
178.74316559
178.74316559
178.74316559
178.74316559
178.74316559
178.74316559
178.74316559
178.74316559
178.74316559
178.74316559
178.74316559
178.74316559
178.74316559
178.74316559
178.74316559
178.74316559
178.74316559
178.74316559
178.74316559
178.74316559
178.74316559
178.74316559
178.74316559
178.74316559
178.74316559
178.74316559
178.74316559
178.74316559
178.74316559
178.74316559
178.74316559
178.74316559
178.74316559
178.74316559
178.74316559
178.74316559
178.74316559
178.74316559
178.74316559
178.74316559
178.74316559
178.74316559
178.74316559
178.74316559
178.74316559
178.74316559
178.74316559
178.74316559
178.74316559
178.74316559
178.74316559
178.74316559
178.74316559
178.74316559
178.74316559
178.74316559
178.74316559
178.74316559
178.74316559
178.74316559
178.74316559
178.74316559
178.74316559
178.74316559
178.74316559
178.74316559
178.74316559
178.74316559
178.74316559
178.74316559
178.74316559
178.74316559
178.74316559
178.74316559
178.74316559
178.74316559
178.74316559
178.74316559
178.74316559
178.74316559
178.74316559
178.74316559
178.74316559
178.74316559
178.74316559
178.74316559
178.74316559
178.74316559
178.74316559
178.74316559
178.74316559
178.74316559
178.74316559
178.74316559
178.74316559
178.74316559
178.74316559
178.74316559
178.74316559
178.74316559
178.74316559
178.74316559
178.74316559
178.74316559
178.74316559
178.74316559
178.74316559
178.74316559
178.74316559
178.74316559
178.74316559
178.74316559
178.74316559
178.74316559
178.74316559
178.74316559
178.74316559
178.74316559
178.74316559
178.74316559
178.74316559
178.74316559
178.74316559
178.74316559
178.74316559
178.74316559
178.74316559
178.74316559
178.74316559
178.74316559
178.74316559
178.74316559
178.74316559
178.74316559
178.74316559
178.74316559
178.74316559
178.74316559
178.74316559
178.74316559
178.74316559
178.74316559
178.74316559
178.74316559
178.74316559
178.74316559
178.74316559
178.74316559
178.74316559
178.74316559
178.74316559
178.74316559
178.74316559
178.74316559
178.74316559
178.74316559
178.74316559
178.74316559
178.74316559
178.74316559
178.74316559
178.74316559
178.74316559
178.74316559
178.74316559
178.74316559
178.74316559
178.74316559
178.74316559
178.74316559
178.74316559
178.74316559
178.74316559
178.74316559
178.74316559
178.74316559
178.74316559
178.74316559
178.74316559
178.74316559
178.74316559
178.74316559
178.74316559
178.74316559
178.74316559
178.74316559
178.74316559
178.74316559
178.74316559
178.74316559
178.74316559
178.74316559
178.74316559
178.74316559
178.74316559
178.74316559
178.74316559
178.74316559
178.74316559
178.74316559
178.74316559
178.74316559
178.74316559
178.74316559
178.74316559
178.74316559
178.74316559
178.74316559
178.74316559
178.74316559
178.74316559
178.74316559
178.74316559
178.74316559
178.74316559
178.74316559
178.74316559
178.74316559
178.74316559
178.74316559
178.74316559
178.74316559
178.74316559
178.74316559
178.74316559
178.74316559
178.74316559
178.74316559
178.74316559
178.74316559
178.74316559
178.74316559
178.74316559
178.74316559
178.74316559
178.74316559
178.74316559
178.74316559
178.74316559
178.74316559
178.74316559
178.74316559
178.74316559
178.74316559
178.74316559
178.74316559
178.74316559
178.74316559
178.74316559
178.74316559
178.74316559
178.74316559
178.74316559
178.74316559
178.74316559
178.74316559
178.74316559
178.74316559
178.74316559
178.74316559