330.036
330.036
330.036
330.036
330.036
330.036
330.037
330.037
330.037
330.037
330.037
330.036
330.036
330.036
330.036
330.036
330.035
330.035
330.035
330.035
330.035
330.037
330.037
330.037
330.037
330.037
330.037
330.036
330.036
330.036
330.036
330.036
330.036
330.037
330.037
330.037
330.037
330.036
330.036
330.036
330.036
330.036
330.036
330.035
330.035
330.035
330.035
330.035
330.035
330.035
330.035
330.035
330.035
330.035
330.035
330.035
330.035
330.035
330.035
330.035
330.035
330.035
330.035
330.035
330.035
330.035
330.035
330.037
330.037
330.037
330.037
330.037
330.037
330.036
330.036
330.036
330.036
330.036
330.035
330.035
330.035
330.035
330.035
330.036
330.036
330.036
330.036
330.036
330.036
330.036
330.036