-1.39998531342
-1.40000474453
-1.40001165867
-1.40001618862
-1.40000092983
-1.39998650551
-1.40000116825
-1.40001344681
-1.40000510216
-1.39999258518
-1.40003085136
-1.40000724792
-1.39997816086
-1.39998543262
-1.3999787569
-1.39999639988
-1.39997720718
-1.39998519421
-1.4000442028
-1.39998483658
-1.40000712872
-1.40000784397
-1.3999863863
-1.39998888969
-1.39998579025
-1.40000283718
-1.40000367165
-1.40001034737
-1.39998114109
-1.40000164509
-1.40000522137
-1.4000262022
-1.40000200272
-1.40001428127
-1.39998674393
-1.40000736713
-1.39998781681
-1.39997804165
-1.39999568462
-1.39998650551
-1.4000222683
-1.40001261234
-1.40001130104
-1.39998054504
-1.40000975132
-1.3999683857
-1.39996993542
-1.40001392365
-1.40001440048
-1.39999902248
-1.40000271797
-1.40000081062
-1.40000772476
-1.39999496937
-1.39999294281
-1.39998841286
-1.4000146389
-1.40000963211
-1.39996039867
-1.39999735355
-1.39998364449
-1.40001809597
-1.40000677109
-1.40001535416
-1.40000545979
-1.400000453
-1.39998948574
-1.40000021458
-1.4000056982
-1.39999830723
-1.40000104904
-1.39998757839
-1.39999103546
-1.40000653267
-1.40000247955
-1.40001118183
-1.40001583099
-1.3999992609
-1.39999890327
-1.39999735355
-1.39998686314
-1.39999747276
-1.40002894402
-1.4000043869
-1.39999544621
-1.39998698235
-1.40003144741
-1.40000379086
-1.40000844002
-1.40000474453
-1.39997148514
-1.40000462532
-1.40000450611
-1.40001559258
-1.39999198914
-1.40000283718
-1.40000832081
-1.40004134178
-1.40000319481
-1.40001285076
-1.39999651909
-1.39997720718
-1.40001118183
-1.39999866486
-1.3999941349
-1.39997971058
-1.39999675751
-1.39997434616
-1.39998614788
-1.39998984337
-1.3999979496
-1.4000389576
-1.39999842644
-1.40002548695
-1.40001559258
-1.40001046658
-1.40000677109
-1.39998018742
-1.3999941349
-1.40000474453
-1.40003013611
-1.39999687672
-1.3999966383
-1.39996159077
-1.39998757839
-1.4000017643
-1.39999616146
-1.39998888969
-1.39999842644
-1.39998412132
-1.39997339249
-1.39999485016
-1.39997529984
-1.39999723434
-1.40000212193
-1.39998626709
-1.39998686314
-1.39998519421
-1.39998590946
-1.39999687672
-1.39997828007
-1.40000724792
-1.40002715588
-1.40001451969
-1.39998471737
-1.39999735355
-1.40000593662
-1.40001058578
-1.40000700951
-1.40001642704
-1.40000665188
-1.40002548695
-1.39997923374
-1.40000772476
-1.39997518063
-1.39998555183
-1.39998102188
-1.3999774456
-1.40003812313
-1.39999842644
-1.39999461174
-1.39995920658
-1.4000068903
-1.39999616146
-1.40001881123
-1.40001356602
-1.40000462532
-1.40003657341
-1.40000605583
-1.3999915123
-1.3999774456
-1.4000056982
-1.40002155304
-1.39999055862
-1.40002453327
-1.39999830723
-1.39997279644
-1.39999091625
-1.39999949932
-1.39999890327
-1.40001261234
-1.40002369881
-1.40001094341
-1.39999341965
-1.40000712872
-1.39999186993
-1.39999830723
-1.40001857281
-1.39999043941
-1.39999711514
-1.40002310276
-1.399990201
-1.40000462532
-1.40000522137
-1.3999620676
-1.40000391006
-1.39999008179
-1.39999687672
-1.39999270439
-1.39998543262
-1.39999294281
-1.39999580383
-1.40000510216
-1.39998030663
-1.39999198914
-1.39999902248
-1.39996731281
-1.40000402927
-1.400000453
-1.39998698235
-1.39998865128
-1.40000617504
-1.40000998974
-1.39998066425
-1.39997553825
-1.40000677109
-1.40000736713
-1.40003156662
-1.39999604225
-1.39998817444
-1.3999928236
-1.39998519421
-1.39999270439
-1.40001165867
-1.39998877048
-1.40000641346
-1.39997661114
-1.40001916885
-1.40001440048
-1.39999759197
-1.39999914169
-1.40000700951
-1.40000844002
-1.399979949
-1.39999389648
-1.40001010895
-1.39999258518
-1.39999616146
-1.40001726151
-1.40002167225
-1.40000629425
-1.40002262592
-1.40000212193
-1.39998745918
-1.39998757839
-1.40000188351
-1.39997327328
-1.3999992609
-1.39999890327
-1.39999043941
-1.40002119541
-1.4000313282
-1.40001010895
-1.3999915123
-1.40002310276
-1.40002429485
-1.40001523495
-1.39997446537
-1.39999115467
-1.39999854565
-1.40000271797
-1.39999973774
-1.39999473095
-1.39997434616
-1.39998590946
-1.40002131462
-1.39999032021
-1.40001618862
-1.4000248909
-1.399995327
-1.40001058578
-1.39997887611
-1.39998698235
-1.39999198914
-1.39999258518
-1.39996659756
-1.40000116825
-1.39997029305
-1.399974823
-1.40000844002
-1.40000832081
-1.39996421337
-1.39999854565
-1.40001344681
-1.40000724792
-1.40001416206
-1.40002048016
-1.39999067783
-1.40000402927
-1.39998495579
-1.39999866486
-1.40002381802
-1.40003323555
-1.40002095699
-1.40004301071
-1.4000159502
-1.40002834797
-1.40002048016
-1.39999306202
-1.39999341965
-1.40001964569
-1.40003764629
-1.39999377728
-1.39999508858
-1.39999222755
-1.39999854565
-1.39998853207
-1.40001106262
-1.40000867844
-1.3999966383
-1.39998722076
-1.39999485016
-1.39998805523
-1.40000081062
-1.40000319481
-1.40002918243
-1.40000271797
-1.40000641346
-1.39998519421
-1.39999103546
-1.39999771118
-1.39999902248
-1.40000844002
-1.40003442764
-1.39999103546
-1.40002560616
-1.39996397495
-1.39999079704
-1.39998161793
-1.3999979496
-1.39998292923
-1.39998829365
-1.40000283718
-1.39997768402
-1.3999774456
-1.39998948574
-1.39999651909
-1.40002429485
-1.39999604225
-1.39998006821
-1.39999628067
-1.3999992609
-1.39997935295
-1.40001988411
-1.39999878407
-1.40000224113
-1.4000095129
-1.399959445
-1.4000068903
-1.40002071857
-1.39997780323
-1.40003573895
-1.4000120163
-1.40001153946
-1.39998269081
-1.39999783039
-1.39998829365
-1.39997005463
-1.3999928236
-1.40001404285
-1.39998590946
-1.40000092983
-1.40002095699
-1.40000557899
-1.39999198914
-1.39998793602
-1.40000128746
-1.40001404285
-1.40000939369
-1.40000998974
-1.39999425411
-1.39999639988
-1.39998269081
-1.40001022816
-1.39999175072
-1.39999318123
-1.40002250671
-1.40001857281
-1.40003025532
-1.39999473095
-1.40000462532
-1.39998078346
-1.39999079704
-1.40000987053
-1.40000891685
-1.40002894402
-1.40001702309
-1.39997816086
-1.40002810955
-1.40000033379
-1.39999067783
-1.39999330044
-1.40002763271
-1.4000184536
-1.39998817444
-1.39998543262
-1.40001642704
-1.39999437332
-1.40001022816
-1.39998972416
-1.39999508858
-1.3999863863
-1.39998412132
-1.40000104904
-1.40001404285
-1.40001022816
-1.40000593662
-1.39999246597
-1.39999365807
-1.39999055862
-1.399974823
-1.39998364449
-1.39998650551
-1.40001726151
-1.40003812313
-1.39997649193
-1.39996623993
-1.39999830723
-1.40001118183
-1.39998400211
-1.39999222755
-1.3999825716
-1.3999825716