-1.39998626709
-1.39999854565
-1.39997446537
-1.40000450611
-1.40001654625
-1.40000426769
-1.40000343323
-1.39998948574
-1.40001130104
-1.40003108978
-1.40000748634
-1.40000498295
-1.40000247955
-1.40001010895
-1.40001118183
-1.39999473095
-1.39999854565
-1.39995491505
-1.39997124672
-1.39998984337
-1.39999973774
-1.40001320839
-1.40002441406
-1.40000975132
-1.40000486374
-1.40000343323
-1.39998888969
-1.39998471737
-1.39999735355
-1.39996802807
-1.39997851849
-1.39997088909
-1.39995598793
-1.39999175072
-1.40000665188
-1.3999992609
-1.4000146389
-1.40001010895
-1.3999838829
-1.40001821518
-1.40001046658
-1.39996099472
-1.39998733997
-1.39998948574
-1.39999830723
-1.40001428127
-1.40002119541
-1.39998781681
-1.39998495579
-1.39997363091
-1.40001547337
-1.39997625351
-1.39998447895
-1.39998841286
-1.39997911453
-1.39998781681
-1.39996826649
-1.40002286434
-1.3999915123
-1.3999979496
-1.39999473095
-1.40000092983
-1.39998328686
-1.40000832081
-1.40001785755
-1.39998590946
-1.39999437332
-1.4000159502
-1.40000677109
-1.40001988411
-1.39999449253
-1.39996063709
-1.40001273155
-1.39999318123
-1.40000164509
-1.40000665188
-1.39999508858
-1.39995396137
-1.4000068903
-1.40000033379
-1.40002858639
-1.40001642704
-1.39998996258
-1.3999992609
-1.39999687672
-1.39999139309
-1.39997899532
-1.40001142025
-1.40002012253
-1.40000510216
-1.39997851849
-1.39999938011
-1.40000128746
-1.39997720718
-1.39997959137
-1.39998447895
-1.39998269081
-1.39998590946
-1.40001451969
-1.39998066425
-1.39999854565
-1.40000629425
-1.39999210835
-1.39998805523
-1.39998722076
-1.39998316765
-1.39998352528
-1.40000283718
-1.39999306202
-1.39998328686
-1.4000159502
-1.40001869202
-1.40002179146
-1.39997935295
-1.39999604225
-1.40002119541
-1.40000760555
-1.40001022816
-1.40001189709
-1.40000557899
-1.40000188351
-1.39998567104
-1.39999496937
-1.39998281002
-1.40001583099
-1.4000108242
-1.39999520779
-1.399995327
-1.39997065067
-1.40000128746
-1.39999043941
-1.40001356602
-1.39998471737
-1.39999210835
-1.39999449253
-1.39998376369
-1.40001773834
-1.39996254444
-1.40001678467
-1.40000855923
-1.39999985695
-1.40000092983
-1.39996707439
-1.40002095699
-1.3999915123
-1.40000832081
-1.40001153946
-1.40000855923
-1.39999866486
-1.39994966984
-1.39998221397
-1.4000351429
-1.39999544621
-1.40000927448
-1.40000939369
-1.39998912811
-1.39998173714
-1.39996647835
-1.39997386932
-1.39999914169
-1.39999079704
-1.4000082016
-1.39997172356
-1.40000402927
-1.3999992609
-1.40002179146
-1.39998579025
-1.39999377728
-1.40001261234
-1.39997959137
-1.39999806881
-1.40000808239
-1.39999306202
-1.40001285076
-1.40002560616
-1.40000939369
-1.40001797676
-1.40000557899
-1.39998650551
-1.39999985695
-1.40001046658
-1.39999091625
-1.40002083778
-1.39997720718
-1.39999866486
-1.39998245239
-1.4000095129
-1.40001869202
-1.4000082016
-1.39996981621
-1.40001535416
-1.3999863863
-1.39999139309
-1.39997327328
-1.39999961853
-1.3999876976
-1.39997708797
-1.39999568462
-1.39998960495
-1.39998483658
-1.40004217625
-1.3999992609
-1.40000331402
-1.39998054504
-1.39999294281
-1.40003216267
-1.39999985695
-1.39999163151
-1.40002012253
-1.39998555183
-1.40000116825
-1.40000426769
-1.39997315407
-1.39998972416
-1.40002214909
-1.39998149872
-1.40001654625
-1.40002858639
-1.39999318123
-1.40000712872
-1.40001928806
-1.39999723434
-1.39999628067
-1.40000581741
-1.40000259876
-1.40000760555
-1.39994525909
-1.39997673035
-1.40001058578
-1.40002167225
-1.39998424053
-1.39999997616
-1.40001142025
-1.39997959137
-1.39999520779
-1.39998483658
-1.4000146389
-1.39998030663
-1.40000629425
-1.40000355244
-1.40000450611
-1.39996373653
-1.40001881123
-1.4000184536
-1.39996755123
-1.39998185635
-1.39997982979
-1.39998936653
-1.40002679825
-1.40001511574
-1.40000069141
-1.40000665188
-1.39998984337
-1.40000414848
-1.40000772476
-1.39998853207
-1.39999461174
-1.39996993542
-1.39999639988
-1.40000867844
-1.39999628067
-1.40001821518
-1.40000069141
-1.39999461174
-1.39998972416
-1.39998710155
-1.39998543262
-1.39999687672
-1.40000379086
-1.39998590946
-1.40002155304
-1.39998424053
-1.40000534058
-1.40001380444
-1.40000784397
-1.40001320839
-1.39997947216
-1.39998996258
-1.399969697
-1.40000259876
-1.40000855923
-1.40004146099
-1.39999294281
-1.39999437332
-1.39995837212
-1.39999222755
-1.39999806881
-1.39998519421
-1.39998245239
-1.39998447895
-1.39999222755
-1.39997088909
-1.3999786377
-1.39999127388
-1.40002262592
-1.40000164509
-1.40000414848
-1.40000152588
-1.39999556541
-1.39998590946
-1.39999234676
-1.40000247955
-1.39999842644
-1.39998149872
-1.40002942085
-1.39998519421
-1.40001070499
-1.40000629425
-1.40001130104
-1.40000140667
-1.39997661114
-1.3999786377
-1.39999222755
-1.40001773834
-1.40001249313
-1.3999928236
-1.39995789528
-1.4000120163
-1.39998459816
-1.4000210762
-1.39999032021
-1.40000402927
-1.39999377728
-1.3999825716
-1.3999632597
-1.40001440048
-1.4000043869
-1.40000581741
-1.40001487732
-1.40001487732