-1.39999485016
-1.39997971058
-1.40001261234
-1.39999973774
-1.3999941349
-1.40003573895
-1.40002930164
-1.4000108242
-1.40000009537
-1.40004265308
-1.39998376369
-1.40000164509
-1.39999914169
-1.40000844002
-1.39998698235
-1.40001165867
-1.4000171423
-1.4000133276
-1.40000891685
-1.39998090267
-1.3999890089
-1.39998579025
-1.39998316765
-1.39997649193
-1.39997494221
-1.39999520779
-1.39999866486
-1.39998209476
-1.39999830723
-1.39999103546
-1.40003108978
-1.40001022816
-1.40000033379
-1.39996743202
-1.39999210835
-1.39998483658
-1.40000426769
-1.39999330044
-1.39996516705
-1.40001857281
-1.40001761913
-1.39998698235
-1.40000605583
-1.39999425411
-1.39997768402
-1.40001142025
-1.40001344681
-1.40000414848
-1.40002024174
-1.39999520779
-1.39997112751
-1.39999806881
-1.39999103546
-1.39998447895
-1.39999163151
-1.39997291565
-1.39999449253
-1.39998757839
-1.39998531342
-1.40000855923
-1.40001356602
-1.39998614788
-1.40001416206
-1.40001821518
-1.39999639988
-1.40002799034
-1.39999258518
-1.40000009537
-1.40002286434
-1.39999139309
-1.4000120163
-1.40000593662
-1.39996266365
-1.39999914169
-1.40000367165
-1.39999270439
-1.40001177788
-1.39995956421
-1.40002346039
-1.39999401569
-1.39998519421
-1.39999604225
-1.40000796318
-1.39998722076
-1.40002453327
-1.39999341965
-1.4000159502
-1.40000510216
-1.39997327328
-1.39999222755
-1.39998960495
-1.40000331402
-1.4000210762
-1.39999997616
-1.4000197649
-1.40000450611
-1.40001797676
-1.399990201
-1.39998924732
-1.40003371239
-1.4000171423
-1.39998424053
-1.3999710083
-1.40001559258
-1.39997220039
-1.40000236034
-1.4000068903
-1.40000915527
-1.39998865128
-1.40003275871
-1.39999675751
-1.40002369881
-1.40002012253
-1.40001881123
-1.39998984337
-1.39999938011
-1.39998269081
-1.40000104904
-1.40001356602
-1.40000283718
-1.40003061295
-1.3999761343
-1.39998483658
-1.40002286434
-1.40000116825
-1.4000068903
-1.40002202988
-1.39999568462
-1.39998316765
-1.39999783039
-1.40000772476
-1.40001499653
-1.40000391006
-1.39998519421
-1.39997553825
-1.4000210762
-1.39999675751
-1.39999747276
-1.40001511574
-1.39997184277
-1.40001654625
-1.39997088909
-1.39998853207
-1.39996957779
-1.3999620676
-1.3999825716
-1.39998865128
-1.4000171423
-1.39998805523
-1.40001869202
-1.39999067783
-1.39998400211
-1.40000355244
-1.39999604225
-1.40001642704
-1.39999997616
-1.40002000332
-1.40003275871
-1.40000474453
-1.40002334118
-1.40003418922
-1.40002179146
-1.39999318123
-1.39997839928
-1.40000402927
-1.39999389648
-1.40001070499
-1.39999639988
-1.40000855923
-1.39998579025
-1.4000184536
-1.39998519421
-1.39995825291
-1.40001440048
-1.40001833439
-1.40000617504
-1.39998745918
-1.399979949
-1.39996933937
-1.39999735355
-1.40000545979
-1.39999210835
-1.40001308918
-1.40000295639
-1.39997899532
-1.40000486374
-1.39999079704
-1.40002202988
-1.40000355244
-1.39998555183
-1.39999830723
-1.39998161793
-1.39998161793