-1.39993846416
-1.39996182919
-1.39999127388
-1.39994049072
-1.39995551109
-1.39997887611
-1.39995360374
-1.39995634556
-1.39997756481
-1.39995896816
-1.39994621277
-1.39995360374
-1.39997363091
-1.39997255802
-1.39995706081
-1.39995467663
-1.39997899532
-1.3999556303
-1.40000009537
-1.39995527267
-1.39995086193
-1.39996981621
-1.3999915123
-1.39995634556
-1.39992976189
-1.39994037151
-1.3999774456
-1.3999812603
-1.39996123314
-1.39995646477
-1.39997506142
-1.39995634556
-1.3999876976
-1.39995288849
-1.39995110035
-1.39998197556
-1.40001058578
-1.39996528625
-1.40000832081
-1.39998102188
-1.39996004105
-1.39997398853
-1.39995872974
-1.39997601509
-1.39996087551
-1.40001904964
-1.3999632597
-1.39994955063
-1.39995706081
-1.3999941349
-1.39994430542
-1.39997911453
-1.39997553825
-1.39995121956
-1.39999866486
-1.39996314049
-1.39997243881
-1.40000236034
-1.399995327
-1.39998066425
-1.39996981621
-1.39998853207
-1.39997565746
-1.39998042583
-1.39995789528
-1.3999774456
-1.39998686314
-1.3999979496
-1.39999508858
-1.39998233318
-1.39995574951
-1.3999581337
-1.39997673035
-1.39997375011
-1.3999453783
-1.39996707439
-1.39996385574
-1.39999508858
-1.39994132519
-1.40000677109
-1.39997339249
-1.39995384216
-1.39997112751
-1.39993155003
-1.39996528625
-1.39997601509
-1.39994418621
-1.39994728565
-1.3999620676
-1.39993679523
-1.39996910095
-1.39998471737
-1.39996755123
-1.39996361732
-1.39997804165
-1.39999222755
-1.39996063709
-1.39998996258
-1.39995849133
-1.39995193481
-1.39997267723
-1.3999812603
-1.3999735117
-1.39994573593
-1.39997601509
-1.39996445179
-1.39993453026
-1.39997458458
-1.399964571
-1.39996922016
-1.3999735117
-1.39995467663
-1.39997208118
-1.39994823933
-1.39995491505
-1.39997553825
-1.39995932579
-1.39996862411
-1.39996016026
-1.39995801449
-1.39995288849
-1.3999787569
-1.39997649193
-1.3999581337
-1.39996373653
-1.3999928236
-1.39995777607
-1.39996349812
-1.39997279644
-1.39996099472
-1.39997148514
-1.39999318123
-1.3999556303
-1.3999569416
-1.399938941
-1.39995372295
-1.39995777607
-1.39999675751
-1.39998602867
-1.39996373653
-1.39997076988
-1.39996600151
-1.39999306202
-1.39997899532
-1.39995872974
-1.39996993542
-1.39995038509
-1.399964571
-1.399949193
-1.399990201
-1.39997279644
-1.39997887611
-1.39997589588
-1.39996039867
-1.39996087551
-1.39997708797
-1.39995193481
-1.39995491505
-1.39997899532
-1.39994466305
-1.39995312691
-1.39995384216
-1.3999581337
-1.39997959137
-1.39998066425
-1.39996004105
-1.39995098114
-1.3999516964
-1.39996230602
-1.39994680882
-1.39994728565
-1.39997053146
-1.39998745918
-1.39994835854
-1.399964571
-1.39998114109
-1.39996790886
-1.39997673035
-1.39999043941
-1.39994192123
-1.39995920658
-1.39995324612
-1.39996910095
-1.39994800091
-1.39994955063
-1.39995265007
-1.39998674393
-1.39995503426
-1.39999306202
-1.39995455742
-1.39996445179
-1.39993846416
-1.39996993542
-1.39995110035
-1.39998424053
-1.39999163151
-1.39997053146
-1.39997696877
-1.39992809296
-1.39995574951
-1.39996671677
-1.3999825716
-1.39997136593
-1.39994847775
-1.39997899532
-1.39997148514
-1.3999710083
-1.39997649193
-1.39998483658
-1.40000164509
-1.39998221397
-1.39997518063
-1.39996850491
-1.399969697
-1.39997923374
-1.39995217323
-1.39998912811
-1.3999838829
-1.39996981621
-1.39999079704
-1.39996027946
-1.40000140667
-1.39994072914
-1.3999658823
-1.39997935295
-1.39995205402
-1.39996314049
-1.39995527267
-1.3999683857
-1.39994037151
-1.39996862411
-1.39997136593
-1.3999530077
-1.39997756481
-1.39995217323
-1.39994239807
-1.39995253086
-1.39994263649
-1.399938941
-1.39994299412
-1.3999427557
-1.39994108677
-1.39994382858
-1.40000629425
-1.39997816086
-1.3999735117
-1.39997065067
-1.39999651909
-1.39995098114
-1.39997661114
-1.39996123314
-1.39998733997
-1.39996039867
-1.39998757839
-1.39998519421
-1.39994895458
-1.39999008179
-1.39996671677
-1.39996027946
-1.40000426769
-1.39997267723
-1.3999465704
-1.39997768402
-1.39996552467
-1.39995193481
-1.3999683857
-1.39994692802
-1.39996862411
-1.39996290207
-1.39998424053
-1.39999306202
-1.39996469021
-1.39995443821
-1.39998650551
-1.39998006821
-1.39993524551
-1.39994943142
-1.39995789528
-1.39997279644
-1.3999723196
-1.399974823
-1.39997434616
-1.39995503426
-1.39995753765
-1.39996600151
-1.39998626709
-1.39997363091
-1.39994335175
-1.39997625351
-1.39996528625
-1.39997076988
-1.39995360374
-1.39994692802
-1.39993059635
-1.39999103546
-1.3999363184
-1.39996910095
-1.39997124672
-1.39997088909
-1.39998078346
-1.39994335175
-1.399938941
-1.39996480942
-1.39994764328
-1.3999414444
-1.39995396137
-1.39995598793
-1.399949193
-1.39994728565
-1.39997649193
-1.39997756481
-1.39996826649
-1.39996147156
-1.39994490147
-1.39996540546
-1.39995551109
-1.39995121956
-1.39996826649
-1.39996623993
-1.39998579025
-1.39997291565
-1.39995396137
-1.39998424053
-1.40000116825
-1.39997112751
-1.39998865128
-1.39996445179
-1.39993453026
-1.39996826649
-1.39997577667
-1.39998185635
-1.39998269081
-1.3999838829
-1.39997637272
-1.39999997616
-1.39995932579
-1.39995837212
-1.39996123314
-1.3999812603
-1.39994633198
-1.3999581337
-1.39993166924
-1.39997017384
-1.39998328686
-1.39998579025
-1.39993000031
-1.39995920658
-1.39995527267
-1.39998877048
-1.39996814728
-1.39996159077
-1.3999351263
-1.39997124672
-1.39995443821
-1.39995336533
-1.3999402523
-1.39995455742
-1.39995896816
-1.39998614788
-1.39995765686
-1.39998137951
-1.39997601509
-1.39998972416
-1.39999091625
-1.39999377728
-1.39998221397
-1.39999055862
-1.39995443821
-1.39998328686
-1.39997041225
-1.39996397495
-1.39996337891
-1.39996743202
-1.39997565746
-1.39996218681
-1.39995408058
-1.39996826649
-1.39998626709
-1.39996945858
-1.39998376369
-1.39994716644
-1.39994049072
-1.39998948574
-1.39995777607
-1.40001869202
-1.39998459816
-1.399985075
-1.39998471737
-1.3999825716
-1.39997899532
-1.39997446537
-1.39995396137
-1.399979949
-1.39995968342
-1.39996218681
-1.39997017384
-1.39995002747
-1.39996814728
-1.39997768402
-1.39996993542
-1.39996981621
-1.39995086193
-1.39996361732
-1.39997375011
-1.39994180202
-1.399974823
-1.39996290207
-1.39994823933
-1.3999620676
-1.39997112751
-1.39997291565
-1.39996194839
-1.3999671936
-1.39991903305
-1.39998686314
-1.39998364449
-1.39996016026
-1.39994454384
-1.39994668961
-1.39996993542
-1.39998614788
-1.39997243881
-1.39995598793
-1.399985075
-1.39995658398
-1.39992964268
-1.39994847775
-1.39998400211
-1.39995014668
-1.39995229244
-1.399985075
-1.39995467663
-1.39997899532
-1.3999632597
-1.399949193
-1.39993691444
-1.39997720718
-1.39998006821
-1.39997494221
-1.39999330044
-1.39994549751
-1.39997851849
-1.39997804165
-1.39996314049
-1.39996802807
-1.39993786812
-1.39993882179
-1.39995360374
-1.39994716644
-1.39996063709
-1.39999556541
-1.39998292923
-1.39996194839
-1.3999581337
-1.39999604225
-1.39994955063
-1.39995527267
-1.39995408058
-1.39994907379
-1.39996862411
-1.39997160435
-1.3999530077
-1.40000414848
-1.39995408058
-1.39995884895
-1.39995372295
-1.3999890089
-1.39997422695
-1.39998602867
-1.39994955063
-1.3999478817
-1.39999258518
-1.39995896816
-1.3999825716
-1.39996910095
-1.39995980263
-1.39996516705
-1.39996266365
-1.39997732639
-1.39996623993
-1.39998281002
-1.39998185635
-1.40002989769
-1.39998281002
-1.39998805523
-1.3999876976
-1.39998602867
-1.40001547337
-1.40003061295
-1.39996993542
-1.39999485016
-1.39998888969
-1.40001404285
-1.39998853207
-1.39997088909
-1.39999306202
-1.39998519421
-1.40001320839
-1.40001702309
-1.40001118183
-1.39998459816
-1.39997982979
-1.4000184536
-1.40002119541
-1.40000069141
-1.39998531342
-1.40003585815
-1.40001356602
-1.40001344681
-1.40000510216
-1.39997792244
-1.39995849133
-1.39998745918
-1.40002012253
-1.40001964569
-1.40000677109
-1.40002000332
-1.40001237392
-1.40000450611
-1.40000593662
-1.39999425411
-1.40001952648
-1.39999222755
-1.40000581741
-1.40000927448
-1.3999786377
-1.40000939369
-1.40000259876
-1.4000287056
-1.3999890089
-1.3999761343
-1.40000593662
-1.3999876976
-1.40000116825
-1.40000891685
-1.40000605583
-1.4000068903
-1.4000082016
-1.39999210835
-1.39999914169
-1.40002310276
-1.39998066425
-1.39997911453
-1.39997327328
-1.40000808239
-1.40000104904
-1.40003561974
-1.40000903606
-1.4000017643
-1.39999139309
-1.40000092983
-1.40003693104
-1.39998006821
-1.39997887611
-1.39999854565
-1.39999294281
-1.39999306202
-1.4000043869
-1.39998793602
-1.40000605583
-1.40002310276
-1.39999437332
-1.40003991127
-1.39999675751
-1.40002965927
-1.40002286434
-1.40000128746
-1.40000927448
-1.39998185635
-1.39999520779
-1.3999761343
-1.39997112751
-1.39999103546
-1.40000283718
-1.39997363091
-1.39997780323
-1.3999787569
-1.39998710155
-1.40000450611
-1.40001320839
-1.39997899532
-1.39998233318
-1.39997506142
-1.39999675751
-1.39999318123
-1.40000736713
-1.40001046658
-1.39997684956
-1.40000271797
-1.40000474453
-1.40000510216
-1.40000462532
-1.40000462532
-1.39997720718
-1.39998412132
-1.39997088909
-1.40001797676
-1.40000760555
-1.40002119541
-1.40000581741
-1.4000326395
-1.39999496937
-1.39998006821
-1.40000069141
-1.39998924732
-1.39998352528
-1.39999592304
-1.39998316765
-1.40002310276
-1.39999711514
-1.40000128746
-1.39998984337
-1.40001308918
-1.39998805523
-1.39998459816
-1.39998817444
-1.39999818802
-1.40000009537
-1.39997768402
-1.39995634556
-1.39999055862
-1.39999747276
-1.40000402927
-1.39997148514
-1.40001535416
-1.40000498295
-1.39999139309
-1.39999389648
-1.39998924732
-1.39999723434
-1.39999318123
-1.39997804165
-1.39999651909
-1.39998328686
-1.40001869202
-1.40000081062
-1.39998304844
-1.40001070499
-1.40001153946
-1.39999961853
-1.39998626709
-1.39999604225
-1.40000545979
-1.39998328686
-1.39998698235
-1.40001118183
-1.39999449253
-1.39998722076
-1.40001070499
-1.4000159502
-1.40000414848
-1.40002036095
-1.40001189709
-1.39998304844
-1.40002560616
-1.40001606941
-1.40001261234
-1.39998090267
-1.40000641346
-1.40000736713
-1.399985075
-1.40001749992
-1.39999628067
-1.40000665188
-1.39996528625
-1.39998614788
-1.39998817444
-1.40000581741
-1.39997756481
-1.39998161793
-1.39998888969
-1.39999961853
-1.40001904964
-1.399979949
-1.39999997616
-1.39999639988
-1.39996993542
-1.39999449253
-1.39998757839
-1.39998567104
-1.40000867844
-1.40000081062
-1.40001809597
-1.40000629425
-1.4000108242
-1.40001761913
-1.40002167225
-1.40001869202
-1.39999377728
-1.399995327
-1.4000262022
-1.4000133276
-1.40001153946
-1.39999186993
-1.40000772476
-1.3999735117
-1.40000867844
-1.39999079704
-1.40000200272
-1.40001893044
-1.40000379086
-1.3999786377
-1.40001618862
-1.39999961853
-1.39997327328
-1.40001070499
-1.39999938011
-1.39999675751
-1.39996528625
-1.39997720718
-1.39998757839
-1.40001285076
-1.39998066425
-1.40001928806
-1.39998495579
-1.3999890089
-1.40000796318
-1.40003240108
-1.39999890327
-1.39998376369
-1.40000319481
-1.39999747276
-1.39998292923
-1.39999544621
-1.39997708797
-1.3999979496
-1.39998590946
-1.39998054504
-1.40001320839
-1.40000486374
-1.39999556541
-1.40001952648
-1.39997732639
-1.39997649193
-1.39999961853
-1.39999961853
-1.3999876976
-1.4000056982
-1.39999485016
-1.40001046658
-1.39999747276
-1.40001296997
-1.40001654625
-1.40000939369
-1.39999485016
-1.40001940727
-1.40003180504
-1.3999992609
-1.40002977848
-1.40002405643
-1.40000593662
-1.39998626709
-1.40001177788
-1.39999115467
-1.39998519421
-1.3999620676
-1.39998066425
-1.39997267723
-1.40001451969
-1.39998936653
-1.39996540546
-1.39998340607
-1.40000140667
-1.39999461174
-1.40001857281
-1.39998877048
-1.40001738071
-1.39999687672
-1.39999783039
-1.40002477169
-1.40001571178
-1.40000545979
-1.4000108242
-1.40001952648
-1.40000128746
-1.39999699593
-1.40001308918
-1.4000108242
-1.39999723434
-1.40002572536
-1.40001702309
-1.3999928236
-1.40000748634
-1.39998102188
-1.39998376369
-1.40000963211
-1.39999556541
-1.40001213551
-1.39996623993
-1.39998674393
-1.39998912811
-1.39998555183
-1.39999771118
-1.39999592304
-1.39998459816
-1.39999258518
-1.40001785755
-1.40002298355
-1.39998733997
-1.39999592304
-1.40000140667
-1.40001344681
-1.39999890327
-1.40001630783
-1.40001046658
-1.40001511574
-1.39999496937
-1.39998543262
-1.4000030756
-1.40001046658
-1.39996600151
-1.40001654625
-1.39998984337
-1.40000748634
-1.39997673035
-1.39999043941
-1.39998912811
-1.40003061295
-1.40001487732
-1.39999890327
-1.39996552467
-1.40003931522
-1.40002667904
-1.4000184536
-1.39998698235
-1.39999902248
-1.39997434616
-1.40000391006
-1.39999949932
-1.39999520779
-1.39999163151
-1.40001249313
-1.4000159502
-1.39999997616
-1.39999198914
-1.39999783039
-1.40002548695
-1.40001416206
-1.39996504784
-1.39998042583
-1.39998817444
-1.39996469021
-1.39999854565
-1.40002298355
-1.40003609657
-1.3999941349
-1.39998996258
-1.40000009537
-1.39998590946
-1.40002572536
-1.39999306202
-1.39998614788
-1.40001070499
-1.40001904964
-1.40000164509
-1.40002298355
-1.3999966383
-1.40001821518
-1.39999949932
-1.40001785755
-1.40000140667
-1.40000128746
-1.40002119541
-1.40000283718
-1.40001010895
-1.40000271797
-1.39997410774
-1.39998888969
-1.39998781681
-1.39999806881
-1.39996540546
-1.39998364449
-1.40000426769
-1.39997637272
-1.40002572536
-1.39998066425
-1.40002191067
-1.40003418922
-1.40001213551
-1.40002417564
-1.39999830723
-1.40000486374
-1.39999103546
-1.40002989769
-1.39997410774
-1.4000030756
-1.40000212193
-1.40000867844
-1.40000677109
-1.39997839928
-1.4000043869
-1.40002548695
-1.40001106262
-1.40000188351
-1.40001487732
-1.40002274513
-1.40002739429
-1.400000453
-1.40004253387
-1.39999473095
-1.39998424053
-1.39997386932
-1.39997386932