-1.39996004105
-1.39998710155
-1.40001153946
-1.40000033379
-1.39999890327
-1.3999761343
-1.39996993542
-1.40000724792
-1.39998817444
-1.39999389648
-1.39998626709
-1.40001308918
-1.40001189709
-1.39999032021
-1.40001142025
-1.40001165867
-1.39999008179
-1.40001964569
-1.39998400211
-1.40003407001
-1.39997947216
-1.40000259876
-1.40000331402
-1.39999723434
-1.40000462532
-1.40000319481
-1.39998972416
-1.39999210835
-1.39999163151
-1.3999620676
-1.40000331402
-1.39998757839
-1.39998066425
-1.39997696877
-1.39999127388
-1.39999592304
-1.39995849133
-1.39997148514
-1.39996635914
-1.39997124672
-1.40000009537
-1.39999520779
-1.39997315407
-1.39998865128
-1.39997172356
-1.4000197649
-1.3999979496
-1.40000534058
-1.39999771118
-1.39998602867
-1.40000617504
-1.39999949932
-1.39999437332
-1.39998447895
-1.39997661114
-1.39999461174
-1.399995327
-1.40000712872
-1.40002214909
-1.40002882481
-1.39999866486
-1.40002310276
-1.39998674393
-1.40002524853
-1.40000700951
-1.40001583099
-1.39997839928
-1.39999866486
-1.39998304844
-1.39998924732
-1.40002667904
-1.39998161793
-1.40001511574
-1.39998865128
-1.39998471737
-1.39999365807
-1.39997911453
-1.40002155304
-1.4000159502
-1.39998924732
-1.4000095129
-1.40001535416
-1.39999592304
-1.39998722076
-1.39999580383
-1.39998316765
-1.39999806881
-1.39997756481
-1.39999496937
-1.40000939369
-1.39999961853
-1.39999938011
-1.40000915527
-1.3999825716
-1.40002262592
-1.39997696877
-1.40002286434
-1.39997982979
-1.39999616146
-1.39998650551
-1.40001881123
-1.4000056982
-1.39996337891
-1.39999938011
-1.40001523495
-1.40001213551
-1.39999270439
-1.39998042583
-1.40001893044
-1.40000581741
-1.40001487732
-1.39998841286
-1.39999222755
-1.40000808239
-1.39999830723
-1.4000248909
-1.39998710155
-1.39998447895
-1.40000462532
-1.40000462532
-1.39999449253
-1.39998972416
-1.40001881123
-1.39997220039
-1.39999461174
-1.39998316765
-1.39999341965
-1.39998853207
-1.39999687672
-1.40000319481
-1.39996480942
-1.39997673035
-1.39999175072
-1.40003335476
-1.39997828007
-1.39999735355
-1.39999830723
-1.39998531342
-1.39999127388
-1.40000784397
-1.40000534058
-1.39998936653
-1.3999735117
-1.40001153946
-1.39996659756
-1.40000677109
-1.40001344681
-1.39998722076
-1.40001857281
-1.39998471737
-1.40002477169
-1.40000641346
-1.40001487732
-1.40000081062
-1.39999580383
-1.40001583099
-1.40000867844
-1.40001797676
-1.39999556541
-1.40003144741
-1.39998412132
-1.39999568462
-1.40000128746
-1.4000146389
-1.40001010895
-1.39999699593
-1.39997196198
-1.39999163151
-1.4000005722
-1.40001940727
-1.39998281002
-1.39999520779
-1.40000414848
-1.39999210835
-1.40000402927
-1.39997267723
-1.3999632597
-1.3999723196
-1.40000677109
-1.39998662472
-1.39997887611
-1.39997828007
-1.39998996258
-1.39999771118
-1.39999830723
-1.39997959137
-1.40000700951
-1.39998829365
-1.40001809597
-1.40003144741
-1.40000832081
-1.39998817444
-1.40000343323
-1.4000159502
-1.39999032021
-1.39998149872
-1.40001344681
-1.40001165867
-1.40000367165
-1.4000056982
-1.40000534058
-1.40000927448
-1.39999258518
-1.39999186993
-1.4000171423
-1.39999032021
-1.39999616146
-1.39998614788
-1.39997041225
-1.39997696877
-1.39998936653
-1.40001380444
-1.39998912811
-1.39997637272
-1.39998924732
-1.39999234676
-1.40001618862
-1.3999723196
-1.40000653267
-1.40000772476
-1.40002202988
-1.40000617504
-1.40000021458
-1.39999461174
-1.40001034737
-1.39996790886
-1.40001189709
-1.39999496937
-1.4000133276
-1.40000677109
-1.40005338192
-1.40000081062
-1.40000224113
-1.39999592304
-1.40000629425
-1.40000391006
-1.40002787113
-1.3999941349
-1.39995741844
-1.40002608299
-1.40001189709
-1.40003633499
-1.40003025532
-1.39999961853
-1.40001893044
-1.40002000332
-1.39998459816
-1.40000557899
-1.40001344681
-1.39998161793
-1.40000796318
-1.39998984337
-1.39997422695
-1.39999651909
-1.39997971058
-1.39999556541
-1.39998602867
-1.40001773834
-1.40000283718
-1.40002548695
-1.40001106262
-1.40000617504
-1.39999461174
-1.4000171423
-1.40002882481
-1.40001177788
-1.40001893044
-1.40000426769
-1.40000367165
-1.39998352528
-1.39999961853
-1.39999067783
-1.40000557899
-1.40000915527
-1.40002214909
-1.39999985695
-1.39998722076
-1.39998471737
-1.399995327
-1.39997518063
-1.39997684956
-1.40001261234
-1.39997732639
-1.40003120899
-1.39999508858
-1.39999771118
-1.39997518063
-1.3999979496
-1.40001070499
-1.40001070499