-1.40002572536
-1.40001630783
-1.40000092983
-1.40002417564
-1.40000844002
-1.39998567104
-1.40000665188
-1.39999139309
-1.40004587173
-1.39999091625
-1.39999377728
-1.39999222755
-1.39997899532
-1.39999961853
-1.39999806881
-1.40000224113
-1.3999825716
-1.40002954006
-1.3999876976
-1.39998066425
-1.39999496937
-1.39997780323
-1.39998316765
-1.39995527267
-1.40002024174
-1.40000998974
-1.39997780323
-1.39997339249
-1.39999449253
-1.40001261234
-1.39998710155
-1.39996433258
-1.39998531342
-1.40000808239
-1.40001451969
-1.40000081062
-1.39999604225
-1.3999825716
-1.40002167225
-1.39999294281
-1.39999127388
-1.40000939369
-1.40000104904
-1.39999604225
-1.40002644062
-1.399974823
-1.39998781681
-1.40000081062
-1.39999914169
-1.40000426769
-1.39998471737
-1.40001964569
-1.40000641346
-1.39999985695
-1.39997386932
-1.39997506142
-1.40001189709
-1.39996910095
-1.40000641346
-1.40000021458
-1.39997541904
-1.39997470379
-1.39998733997
-1.39997041225
-1.400000453
-1.39999556541
-1.40002131462
-1.40001010895
-1.4000146389
-1.40000247955
-1.39999389648
-1.40000224113
-1.39998996258
-1.39997458458
-1.40000081062
-1.40000462532
-1.40001690388
-1.40000784397
-1.3999941349
-1.39999568462
-1.40000069141
-1.40003442764
-1.400000453
-1.40002059937
-1.40000987053
-1.40000605583
-1.39997434616
-1.40000104904
-1.39998149872
-1.40000355244
-1.39999425411
-1.40001893044
-1.40000104904
-1.39998424053
-1.39999449253
-1.40001225471
-1.39997553825
-1.40002465248
-1.40002346039
-1.39997673035
-1.39999616146
-1.39998805523
-1.39997386932
-1.40001893044
-1.39998006821
-1.40001499653
-1.39996695518
-1.40001761913
-1.4000095129
-1.39999485016
-1.40000939369
-1.40000748634
-1.3999992609
-1.40001296997
-1.40001904964
-1.40000164509
-1.40001833439
-1.39999353886
-1.39998722076
-1.39998543262
-1.40000700951
-1.39998662472
-1.39999783039
-1.40002691746
-1.40000712872
-1.4000120163
-1.40000259876
-1.40002679825
-1.4000017643
-1.39997315407
-1.4000210762
-1.40000808239
-1.40004634857
-1.40002441406
-1.40001475811
-1.40000212193
-1.39998054504
-1.39996981621
-1.40001451969
-1.40002310276
-1.3999992609
-1.3999761343
-1.40000700951
-1.40000963211
-1.39998912811
-1.40000140667
-1.4000056982
-1.40000343323
-1.39997756481
-1.40000748634
-1.39999544621
-1.40002000332
-1.39998948574
-1.39998495579
-1.39998054504
-1.40001308918
-1.39999759197
-1.40001308918
-1.39999294281
-1.40003228188
-1.39998757839
-1.40000188351
-1.39999389648
-1.39999186993
-1.39997971058
-1.39999806881
-1.39999210835
-1.4000146389
-1.39997947216
-1.39997410774
-1.40001702309
-1.39999055862
-1.39997565746
-1.39999425411
-1.40001094341
-1.40002131462
-1.4000068903
-1.40001690388
-1.40000069141
-1.4000389576
-1.40001261234
-1.39998996258
-1.39998936653
-1.39999914169
-1.40001988411
-1.39999198914
-1.39998078346
-1.40000343323
-1.40000927448
-1.39998066425
-1.39998102188
-1.40000927448
-1.39999556541
-1.39996802807
-1.39998137951
-1.40001499653
-1.39998841286
-1.40002131462
-1.40002524853
-1.39998996258
-1.4000095129
-1.39998090267
-1.40001904964
-1.39998650551
-1.40000987053
-1.40001118183
-1.39999568462
-1.40000915527
-1.40000128746
-1.39999628067
-1.40000247955
-1.40003407001
-1.39999449253
-1.40003085136
-1.40000140667
-1.40000295639
-1.40000510216
-1.4000056982
-1.40000283718
-1.40001678467
-1.40002655983
-1.40002298355
-1.39999330044
-1.39998698235
-1.39998269081
-1.40003037453
-1.40000557899
-1.40000295639
-1.40000677109
-1.3999890089
-1.39999091625
-1.4000287056
-1.40002608299
-1.39999806881
-1.4000223875
-1.40001213551
-1.40000367165
-1.39998269081
-1.40002131462
-1.39999485016
-1.39998865128
-1.4000184536
-1.39999008179
-1.39998710155
-1.3999941349
-1.40003526211
-1.40001416206
-1.39999568462
-1.40000975132
-1.39999449253
-1.40000665188
-1.40000224113
-1.39999139309
-1.39999747276
-1.40001153946
-1.40001797676
-1.39998602867
-1.40000796318
-1.39997446537
-1.40000200272
-1.40001583099
-1.39998006821
-1.39999973774
-1.39999604225
-1.40002048016
-1.40002167225
-1.39999914169
-1.39999115467
-1.39999258518
-1.40000653267
-1.40001523495
-1.39998304844
-1.40000844002
-1.40003228188
-1.3999876976
-1.40002572536
-1.39997220039
-1.3999915123
-1.4000338316
-1.40000402927
-1.40001475811
-1.39998519421
-1.40000355244
-1.40000355244
-1.40001237392
-1.39998233318
-1.40001094341
-1.39999556541
-1.40000700951
-1.40000104904
-1.39999592304
-1.39997255802
-1.40000247955
-1.40000605583
-1.40002048016
-1.39999628067
-1.40000760555
-1.40000391006
-1.40000963211
-1.39998435974
-1.40002298355
-1.40001010895
-1.39998972416
-1.39997732639
-1.40000975132
-1.39996278286
-1.40001523495
-1.40001451969
-1.39998281002
-1.39999616146
-1.39999043941
-1.39999723434
-1.3999786377
-1.39998173714
-1.39999341965
-1.4000120163
-1.40001010895
-1.40001285076
-1.40001606941
-1.39998352528
-1.40000474453
-1.39998590946
-1.40001904964
-1.40000009537
-1.40000164509
-1.40001189709
-1.40001475811
-1.40000259876
-1.39998602867
-1.40001094341
-1.40000581741
-1.39999377728
-1.39999723434
-1.39999639988
-1.399990201
-1.399995327
-1.39998757839
-1.40000402927
-1.39998495579
-1.3999979496
-1.40002024174
-1.39998233318
-1.40000808239
-1.3999941349
-1.40000474453
-1.40000545979
-1.39999818802
-1.40001654625
-1.40000939369
-1.40003561974
-1.39999449253
-1.40001988411
-1.40002393723
-1.40001893044
-1.40001237392
-1.40002417564
-1.40002596378
-1.40000641346
-1.39999771118
-1.39998137951
-1.400000453
-1.39997553825
-1.39999258518
-1.40000224113
-1.4000005722
-1.40001535416
-1.39999997616
-1.39996600151
-1.40000855923
-1.39998376369
-1.40001451969
-1.40002250671
-1.39999723434
-1.39998829365
-1.39999914169
-1.39999294281
-1.3999838829
-1.40000140667
-1.39999246597
-1.39999222755
-1.40001904964
-1.39998888969
-1.39999508858
-1.39999520779
-1.40002036095
-1.40001237392
-1.40003478527
-1.40000700951
-1.39998197556
-1.39998197556
-1.3999915123
-1.39998030663
-1.40000665188
-1.399995327
-1.39998698235
-1.39998030663
-1.39999806881
-1.40000677109
-1.40003454685
-1.40001392365
-1.39998829365
-1.39997637272
-1.3999607563
-1.40000236034
-1.40000677109
-1.39999580383
-1.39998733997
-1.3999671936
-1.39999604225
-1.40001952648
-1.3999863863
-1.39995574951
-1.39997708797
-1.40000271797
-1.40002822876
-1.40000259876
-1.39998471737
-1.39998459816
-1.39999115467
-1.39997029305
-1.40000796318
-1.40000760555
-1.39998352528
-1.39999580383
-1.39999938011
-1.39998352528
-1.399990201
-1.40000581741
-1.40000391006
-1.39998316765
-1.4000338316
-1.40000426769
-1.4000030756
-1.39999842644
-1.40001702309
-1.39999973774
-1.40002179146
-1.39999616146
-1.40000653267
-1.39999556541
-1.4000082016
-1.39999163151
-1.40000224113
-1.40000033379
-1.40001034737
-1.40000164509
-1.39999401569
-1.39997375011
-1.40000140667
-1.4000043869
-1.40001106262
-1.39998781681
-1.39996016026
-1.40001261234
-1.39999163151
-1.4000082016
-1.40002310276
-1.39999485016
-1.40001296997
-1.40000712872
-1.40000987053
-1.39997529984
-1.39999103546
-1.39998078346
-1.3999556303
-1.39999771118
-1.4000120163
-1.40000844002
-1.39997935295
-1.40000343323
-1.39996826649
-1.39998054504
-1.39998531342
-1.39998662472
-1.40000545979
-1.40000808239
-1.39998936653
-1.39998340607
-1.39999997616
-1.3999825716
-1.39999222755
-1.3999890089
-1.39997971058
-1.40000522137
-1.39998626709
-1.40000915527
-1.40000402927
-1.3999941349
-1.40000104904
-1.4000248909
-1.40000653267
-1.40002155304
-1.39999508858
-1.40002584457
-1.4000248909
-1.40000081062
-1.40001654625
-1.40002822876
-1.40000200272
-1.40000426769
-1.40001809597
-1.39997029305
-1.39999377728
-1.40001666546
-1.40000128746
-1.40000462532
-1.40002477169
-1.40000593662
-1.40001130104
-1.40001130104