-1.39999985695
-1.39996254444
-1.39999592304
-1.39998149872
-1.40000760555
-1.40000319481
-1.39998996258
-1.40000998974
-1.40000736713
-1.39999032021
-1.40001761913
-1.3999992609
-1.39999270439
-1.39999520779
-1.3999941349
-1.39999175072
-1.39999425411
-1.39999496937
-1.39998912811
-1.39997804165
-1.39999914169
-1.40000021458
-1.39997756481
-1.40001881123
-1.40002012253
-1.39998710155
-1.40000414848
-1.40002393723
-1.39998209476
-1.40000104904
-1.39999246597
-1.39998543262
-1.39998972416
-1.39999580383
-1.3999890089
-1.39999234676
-1.4000095129
-1.39999723434
-1.39998185635
-1.40001368523
-1.39997804165
-1.40000796318
-1.39997088909
-1.40000414848
-1.40002524853
-1.39997911453
-1.39997911453