-1.3999723196
-1.39997124672
-1.40000128746
-1.40002202988
-1.39996886253
-1.39999365807
-1.39999520779
-1.39999747276
-1.400000453
-1.4000068903
-1.40000152588
-1.39999628067
-1.40004014969
-1.39996874332
-1.4000108242
-1.39998245239
-1.39997982979
-1.4000056982
-1.40000426769
-1.40002310276
-1.40000796318
-1.40000140667
-1.39998674393
-1.40003252029
-1.40000581741
-1.40001821518
-1.40000331402
-1.39996170998
-1.40001285076
-1.39998269081
-1.40000343323
-1.39998567104
-1.40000128746
-1.40000712872
-1.40001666546
-1.40000450611
-1.39999985695
-1.3999890089
-1.39999961853
-1.3999890089
-1.39999985695
-1.40000474453
-1.40001547337
-1.40000712872
-1.40002131462
-1.39998733997
-1.40000903606
-1.40000987053
-1.40001487732
-1.40001726151
-1.40000808239
-1.40000498295
-1.3999941349
-1.39996170998
-1.39998626709
-1.39997577667
-1.39999175072
-1.400000453
-1.39999496937
-1.40000140667
-1.40000367165
-1.40002632141
-1.39999306202
-1.40005373955
-1.39999735355
-1.39999580383
-1.40002644062
-1.40002644062
-1.40002071857
-1.40001165867
-1.39999806881
-1.40000009537
-1.39998197556
-1.40000557899
-1.40001022816
-1.40002608299
-1.40004265308
-1.39999961853
-1.40001046658
-1.3999838829
-1.39999508858
-1.40001142025
-1.3999710083
-1.39999306202
-1.39998328686
-1.40002560616
-1.40001964569
-1.3999671936
-1.39999306202
-1.40002512932
-1.39997506142
-1.40000319481
-1.40002071857
-1.40001428127
-1.399990201
-1.39999341965
-1.39999675751
-1.4000133276
-1.40003323555
-1.40001320839
-1.39997911453
-1.39996349812
-1.39999783039
-1.39998281002
-1.39998161793
-1.40000867844
-1.39998221397
-1.40000128746
-1.40000796318
-1.39998877048
-1.4000043869
-1.39997398853
-1.39997529984
-1.40001952648
-1.40000140667
-1.40001344681
-1.40001153946
-1.39997160435
-1.40001904964
-1.39999032021
-1.39998877048
-1.3999863863
-1.40000092983
-1.39998376369
-1.39997029305
-1.40000629425
-1.39994490147
-1.39998602867
-1.40000987053
-1.40001475811
-1.40001261234
-1.40002727509
-1.40002954006
-1.40000164509
-1.40001165867
-1.39999580383
-1.39999830723
-1.40000426769
-1.39998674393
-1.40002059937
-1.39999318123
-1.40001451969
-1.39997410774
-1.40001380444
-1.39998543262
-1.39998567104
-1.39998137951
-1.40001344681
-1.39998149872
-1.39997065067
-1.40000164509
-1.40001904964
-1.40002536774
-1.39997982979
-1.40000343323
-1.40000164509
-1.39997780323
-1.39997434616
-1.4000095129
-1.39998281002
-1.39999401569
-1.40001034737
-1.39995241165
-1.40002346039
-1.40001499653
-1.40001821518
-1.39999616146
-1.40001881123
-1.39997768402
-1.39997184277
-1.39999043941
-1.40000295639
-1.39999353886
-1.39999973774
-1.39998400211
-1.39998936653
-1.4000043869
-1.39999365807
-1.39998519421
-1.39997708797
-1.40000796318
-1.4000068903
-1.40003144741
-1.40000832081
-1.40001821518
-1.40000998974
-1.40002191067
-1.40003991127
-1.40000617504
-1.39999091625
-1.39998304844
-1.40001952648
-1.40001988411
-1.40000975132
-1.39999079704
-1.39999914169
-1.40000247955
-1.39997303486
-1.39999198914
-1.40001308918
-1.39999854565
-1.39999449253
-1.39997529984
-1.39998531342
-1.40001630783
-1.40001928806
-1.39997982979
-1.40000367165
-1.3999928236
-1.40001153946
-1.39999091625
-1.39999461174
-1.39999568462
-1.40001165867
-1.39996254444
-1.40002322197
-1.400000453
-1.39998281002
-1.40001690388
-1.40000033379
-1.39997661114
-1.40004396439
-1.40003049374
-1.3999863863
-1.40000927448
-1.39999234676
-1.39999437332
-1.40000736713
-1.4000082016
-1.39999783039
-1.39998316765
-1.40000486374
-1.40002346039
-1.39997053146
-1.40002012253
-1.40000247955
-1.40003466606
-1.40002989769
-1.39997625351
-1.39999699593
-1.4000146389
-1.40002536774
-1.39999341965
-1.4000082016
-1.39999949932
-1.40000510216
-1.39997422695
-1.4000402689
-1.40000283718
-1.40002191067
-1.39999878407
-1.40001094341
-1.40000653267
-1.40003025532
-1.3999812603
-1.40001118183
-1.39998590946
-1.40002334118
-1.39999306202
-1.4000043869
-1.40001654625
-1.39997303486
-1.40000534058
-1.40001654625
-1.39998090267
-1.4000068903
-1.40000510216
-1.40000247955
-1.4000082016
-1.40001857281
-1.39998960495
-1.39999353886
-1.399990201
-1.40000784397
-1.4000159502
-1.40002083778
-1.39999461174
-1.40000498295
-1.4000082016
-1.40001153946
-1.40001404285
-1.4000133276
-1.40002000332
-1.40000271797
-1.39998054504
-1.39999675751
-1.400000453
-1.40001511574
-1.39996874332
-1.40001249313
-1.4000120163
-1.39999401569
-1.4000068903
-1.39999091625
-1.39999103546
-1.39998626709
-1.40000522137
-1.40003800392
-1.39998829365
-1.39998841286
-1.39998853207
-1.39996349812
-1.4000159502
-1.40001964569
-1.3999915123
-1.40000629425
-1.40001952648
-1.40000557899
-1.40001058578
-1.39999449253
-1.39999091625
-1.39998221397
-1.40001106262
-1.3999979496
-1.39997494221
-1.39999186993
-1.39998173714
-1.39997959137
-1.40001189709
-1.40000772476
-1.39997816086
-1.40001046658
-1.39999115467
-1.40001797676
-1.40000665188
-1.39996957779
-1.4000197649
-1.39999222755
-1.39999592304
-1.39996707439
-1.40000879765
-1.39998686314
-1.39998185635
-1.40000247955
-1.39999735355
-1.39996981621
-1.4000415802
-1.39998340607
-1.40000450611
-1.39999711514
-1.4000171423
-1.39997160435
-1.40001857281
-1.3999890089
-1.40002262592
-1.40000617504
-1.40001022816
-1.4000338316
-1.40001416206
-1.40000295639
-1.40001118183
-1.39999425411
-1.40002131462
-1.40000677109
-1.39999842644
-1.39997541904
-1.4000300169
-1.40001118183
-1.40002179146
-1.39999890327
-1.39999938011
-1.40001606941
-1.39997804165
-1.4000120163
-1.39996361732
-1.39997339249
-1.39997184277
-1.3999838829
-1.39998483658
-1.3999928236
-1.3999632597
-1.39999902248
-1.39999341965
-1.39997828007
-1.40000247955
-1.40000140667
-1.40005373955
-1.3999941349
-1.3999979496
-1.40001642704
-1.40003538132
-1.39997136593
-1.40001273155
-1.40002036095
-1.39998674393
-1.40000212193
-1.3999876976
-1.40000426769
-1.39998173714
-1.40001285076
-1.40002584457
-1.39999032021
-1.40001916885
-1.40000629425
-1.40001785755
-1.40000343323
-1.40002310276
-1.40000772476
-1.39998936653
-1.40000355244
-1.39998185635
-1.39997565746
-1.39999222755
-1.40003240108
-1.39997971058
-1.39999318123
-1.39997768402
-1.40002024174
-1.39999401569
-1.40002012253
-1.400000453
-1.39998972416
-1.39999985695
-1.40001928806
-1.40001094341
-1.39999759197
-1.40000140667
-1.40001475811
-1.40001904964
-1.40000975132
-1.40001428127
-1.39998352528
-1.39999139309
-1.40000343323
-1.3999774456
-1.40001440048
-1.4000133276
-1.39999949932
-1.39997267723
-1.40003180504
-1.39997446537
-1.39997196198
-1.40000021458
-1.40001177788
-1.39998948574
-1.40000677109
-1.39995026588
-1.39999234676
-1.40001451969
-1.40002274513
-1.39999318123
-1.40000355244
-1.3999992609
-1.40001392365
-1.40001666546
-1.40000963211
-1.40000069141
-1.39998924732
-1.40000581741
-1.39998602867
-1.39998316765
-1.400000453
-1.39995741844
-1.40002286434
-1.39998626709
-1.39997959137
-1.40000581741
-1.39998733997
-1.39996707439
-1.39998972416
-1.40000140667
-1.3999710083
-1.40002274513
-1.40002691746
-1.39999377728
-1.39998269081
-1.39997363091
-1.40000271797
-1.39997816086
-1.40000104904
-1.39999353886
-1.39998447895
-1.3999941349
-1.39999222755
-1.40000975132
-1.40000021458
-1.39999508858
-1.39998400211
-1.39999341965
-1.3999928236
-1.39998614788
-1.39997816086
-1.39996957779
-1.39996993542
-1.40001404285
-1.40000391006
-1.39997780323
-1.39998030663
-1.40000891685
-1.39998185635
-1.39999818802
-1.39999616146
-1.39998114109
-1.39997529984
-1.39996051788
-1.39998090267
-1.40001630783
-1.39998328686
-1.40002501011
-1.4000210762
-1.39999270439
-1.39998412132
-1.39997065067
-1.40000522137
-1.3999992609
-1.4000056982
-1.40001630783
-1.40003621578
-1.4000082016
-1.40000212193
-1.399990201
-1.39999866486
-1.40000867844
-1.40000998974
-1.39998924732
-1.39998888969
-1.40001642704
-1.3999774456
-1.39999806881
-1.4000082016
-1.40000712872
-1.40000116825
-1.39997255802
-1.39998483658
-1.39999186993
-1.40001296997
-1.39994907379
-1.39998197556
-1.39997565746
-1.39999079704
-1.3999723196
-1.3999671936
-1.39997887611
-1.39999842644
-1.39999914169
-1.39999437332
-1.39999079704
-1.39999890327
-1.39998483658
-1.39998793602
-1.40002846718
-1.40003287792
-1.40003907681
-1.40000426769
-1.39999270439
-1.40002894402
-1.40005683899
-1.39998328686
-1.40000855923
-1.39999485016
-1.39998328686
-1.39999651909
-1.40001475811
-1.39998221397
-1.3999941349
-1.40001726151
-1.39999639988
-1.40000855923
-1.40000069141
-1.39998161793
-1.4000005722
-1.40001189709
-1.39998745918
-1.40003359318
-1.40001285076
-1.39999330044
-1.40001392365
-1.39999771118
-1.40001118183
-1.39998340607
-1.40001010895
-1.3999890089
-1.39998662472
-1.39999258518
-1.39999914169
-1.4000082016
-1.39999485016
-1.40000247955
-1.40000593662
-1.39997625351
-1.40000116825
-1.39999437332
-1.39997804165
-1.4000248909
-1.39999961853
-1.39995646477
-1.40000259876
-1.40000867844
-1.39999139309
-1.40000283718
-1.40000593662
-1.39997160435
-1.399985075
-1.39999747276
-1.40001571178
-1.39999139309
-1.40000987053
-1.3999876976
-1.40002298355
-1.40002155304
-1.40001869202
-1.4000120163
-1.40001869202
-1.39997589588
-1.40002191067
-1.39997935295
-1.39998888969
-1.40001213551
-1.400000453
-1.40000927448
-1.40000617504
-1.40002131462
-1.40002274513
-1.39999222755
-1.39999651909
-1.4000184536
-1.40001010895
-1.39999032021
-1.40002918243
-1.39998924732
-1.39997673035
-1.39998137951
-1.39998424053
-1.39999508858
-1.39998972416
-1.39997756481
-1.39999985695
-1.40001857281
-1.39997422695
-1.40002155304
-1.40000605583
-1.40001857281
-1.40005576611
-1.399974823
-1.39999270439
-1.40000295639
-1.39998555183
-1.40002536774
-1.4000248909
-1.39999699593
-1.39998781681
-1.39999365807
-1.40001046658
-1.40001404285
-1.40002095699
-1.40001952648
-1.40003669262
-1.39999985695
-1.40002274513
-1.40001392365
-1.39999711514
-1.40003526211
-1.40003108978
-1.40002644062
-1.40005981922
-1.40001392365
-1.40002977848
-1.40003466606
-1.39999127388
-1.40001583099
-1.40004265308
-1.40003323555
-1.40003991127
-1.40002214909
-1.40001130104
-1.40005028248
-1.40001773834
-1.40000700951
-1.39998590946
-1.40002310276
-1.40003180504
-1.40001654625
-1.40004861355
-1.40002214909
-1.40004730225
-1.40001416206
-1.40003085136
-1.39999890327
-1.40002560616
-1.40001058578
-1.40003395081
-1.40004467964
-1.40002167225
-1.4000262022
-1.40003430843
-1.40000236034
-1.4000056982
-1.4000056982
-1.39999377728
-1.39999127388
-1.40004336834
-1.40002536774
-1.40000867844
-1.4000505209
-1.40003359318
-1.40003275871
-1.40000212193
-1.40003859997
-1.40004968643
-1.40003323555
-1.40003705025
-1.40004742146
-1.40004432201
-1.40001809597
-1.40001738071
-1.40001738071
-1.40004360676
-1.40003561974
-1.40005087852
-1.40006434917
-1.40003979206
-1.40003490448
-1.39999461174
-1.40003216267
-1.40002095699
-1.40000510216
-1.4000338316
-1.40002834797
-1.40003180504
-1.40002465248
-1.4000338316
-1.40002763271
-1.40001785755
-1.40003502369
-1.40001523495
-1.40000331402
-1.40004575253
-1.40000259876
-1.40000319481
-1.40002977848
-1.40001988411
-1.40005087852
-1.40004527569
-1.40001320839
-1.40003335476
-1.39999699593
-1.4000531435
-1.40004742146
-1.40001034737
-1.40003919601
-1.40002262592
-1.40000259876
-1.40001213551
-1.40004038811
-1.40005946159
-1.40003597736
-1.40000510216
-1.40004849434
-1.4000428915
-1.40004837513
-1.40002894402
-1.40002965927
-1.39999425411
-1.4000505209
-1.40002930164
-1.40001010895
-1.40003752708
-1.40003180504
-1.40003359318
-1.40005552769
-1.40003705025
-1.40002703667
-1.40005135536
-1.40002834797
-1.40000510216
-1.40000450611
-1.40004146099
-1.40004634857
-1.40004682541
-1.40001749992
-1.40005481243
-1.40001678467
-1.40002739429
-1.40003407001
-1.40003669262
-1.40001106262
-1.40004622936
-1.40004611015
-1.40004146099
-1.4000313282
-1.40004014969
-1.39999711514
-1.40005552769
-1.40002679825
-1.4000017643
-1.40004396439
-1.40004014969
-1.40002334118
-1.40002954006
-1.40004813671
-1.40003609657
-1.40002763271
-1.40005147457
-1.40001118183
-1.40003168583
-1.40002965927
-1.40001642704
-1.40004038811
-1.40002095699
-1.40002679825
-1.40000700951
-1.40004646778
-1.40004169941
-1.40002071857
-1.39999425411
-1.40004718304
-1.40004110336
-1.40003752708
-1.40002608299
-1.40003836155
-1.40006351471
-1.40001428127
-1.3999890089
-1.40004181862
-1.40005683899
-1.40003919601
-1.4000389576
-1.40004658699
-1.40003824234
-1.40002000332
-1.40003013611
-1.4000210762
-1.40002298355
-1.40001475811
-1.40003430843
-1.39999461174
-1.40004813671
-1.4000364542
-1.40004444122
-1.4000248909
-1.40005207062
-1.40000545979
-1.40002131462
-1.40002381802
-1.4000364542
-1.4000493288
-1.40003240108
-1.40005218983
-1.40002453327
-1.40000498295
-1.40003716946
-1.40004348755
-1.40001559258
-1.40001809597
-1.40003955364
-1.40005207062
-1.40004909039
-1.40003085136
-1.40002143383
-1.40003430843
-1.40005588531
-1.40001225471
-1.40003764629
-1.40006995201
-1.40005874634
-1.40002393723
-1.4000338316
-1.40002691746
-1.40004873276
-1.4000108242
-1.40000700951
-1.40003299713
-1.4000518322
-1.40001952648
-1.40003359318
-1.40002942085
-1.40001475811
-1.40000367165
-1.40005195141
-1.40005886555
-1.40003085136
-1.40003752708
-1.40003621578
-1.39999401569
-1.40005064011
-1.40003561974
-1.40000021458
-1.40003716946
-1.40000784397
-1.39999806881
-1.40003883839
-1.40003800392
-1.40001249313
-1.40002858639
-1.40003204346
-1.40006995201
-1.40005350113
-1.40004336834
-1.40002202988
-1.40001785755
-1.40003609657
-1.40004122257
-1.40001630783
-1.40001499653
-1.40002536774
-1.40003359318
-1.40001749992
-1.40004503727
-1.40000295639
-1.40001285076
-1.40003180504
-1.40001618862
-1.40000283718
-1.40000283718