-1.40000963211
-1.40003299713
-1.39999580383
-1.4000120163
-1.39998137951
-1.40000891685
-1.4000030756
-1.39999973774
-1.400000453
-1.4000030756
-1.39999401569
-1.40001654625
-1.39998865128
-1.40000343323
-1.4000017643
-1.40001749992
-1.40000295639
-1.39999175072
-1.40001547337
-1.40002501011
-1.39999711514
-1.39997911453
-1.40002036095
-1.40001261234
-1.40000581741
-1.40003156662
-1.40000617504
-1.39999830723
-1.4000287056
-1.4000005722
-1.39999854565
-1.39998829365
-1.39998662472
-1.40001678467
-1.40000092983
-1.39999163151
-1.39999580383
-1.39999818802
-1.40001869202
-1.39999866486
-1.39998829365
-1.39998948574
-1.39999139309
-1.39999830723
-1.40002775192
-1.39997363091
-1.40001237392
-1.40001344681
-1.39998698235
-1.40000784397
-1.39999568462
-1.40000844002
-1.40001630783
-1.40000367165
-1.40000343323
-1.40001285076
-1.40001273155
-1.4000043869
-1.39997172356
-1.39996635914
-1.39999198914
-1.39996957779
-1.39998567104
-1.40002906322
-1.40001237392
-1.39999186993
-1.40001535416
-1.40002429485
-1.39999246597
-1.39999485016
-1.39999687672
-1.40000593662
-1.4000030756
-1.40002262592
-1.40001654625
-1.40000355244
-1.39999175072
-1.39995467663
-1.40003681183
-1.40001130104
-1.39998662472
-1.39998996258
-1.40001189709
-1.39996528625
-1.4000235796
-1.40001165867
-1.4000133276
-1.39999616146
-1.39998745918
-1.399985075
-1.39999687672
-1.39999043941
-1.39998912811
-1.40001177788
-1.399979949
-1.40000796318
-1.40000092983
-1.40003621578
-1.40000426769
-1.39998209476
-1.40002465248
-1.39997732639
-1.40004181862
-1.40001833439
-1.399995327
-1.40000414848
-1.40003228188
-1.39997327328
-1.3999863863
-1.40002346039
-1.40000009537
-1.39999067783
-1.40002036095
-1.399990201
-1.40001165867
-1.39999735355
-1.40002298355
-1.3999876976
-1.39999973774
-1.39999866486
-1.40001058578
-1.40000855923
-1.40001022816
-1.40000796318
-1.40002655983
-1.40002775192
-1.39996373653
-1.39998924732
-1.3999825716
-1.39998745918
-1.39999222755
-1.40001547337
-1.39999902248
-1.39997279644
-1.39999902248
-1.39999127388
-1.39996826649
-1.39998960495
-1.39996492863
-1.39999520779
-1.39998519421
-1.40002572536
-1.40000593662
-1.39997243881
-1.4000082016
-1.39998817444
-1.40000665188
-1.40000152588
-1.39999735355
-1.40001797676
-1.40000855923
-1.3999915123
-1.39999783039
-1.40001523495
-1.40002334118
-1.40001022816
-1.40002918243
-1.39999115467
-1.40002381802
-1.39998078346
-1.40000760555
-1.40001511574
-1.40002536774
-1.40002024174
-1.40000271797
-1.40001058578
-1.40001058578