-1.40000188351
-1.40000355244
-1.40001940727
-1.39999175072
-1.40001833439
-1.40000557899
-1.39998686314
-1.39994204044
-1.39996278286
-1.40000224113
-1.40002000332
-1.39998006821
-1.4000133276
-1.39999568462
-1.40000975132
-1.39999258518
-1.39999401569
-1.39997696877
-1.40000391006
-1.3999710083
-1.39999973774
-1.39999306202
-1.39996433258
-1.39999687672
-1.39999341965
-1.39999091625
-1.40000116825
-1.39999473095
-1.39998912811
-1.40001833439
-1.40002965927
-1.40000379086
-1.40001511574
-1.39999186993
-1.39999568462
-1.39996564388
-1.39999401569
-1.40002739429
-1.40000331402
-1.40001738071
-1.39998495579
-1.39999222755
-1.40001106262
-1.39998304844
-1.399969697
-1.3999787569
-1.39999818802
-1.40002942085
-1.40000355244
-1.39999330044
-1.40000474453
-1.40000486374
-1.39999234676
-1.40005040169
-1.40000641346
-1.39999842644
-1.39999628067
-1.39998579025
-1.39999115467
-1.400000453
-1.40002560616
-1.39999866486
-1.39997601509
-1.39999461174
-1.39999866486
-1.3999979496
-1.39999306202
-1.40001285076
-1.39999711514
-1.40001511574
-1.40000212193
-1.40003097057
-1.40001320839
-1.39999186993
-1.39999091625
-1.3999812603
-1.40000450611
-1.4000056982
-1.40000081062
-1.40000391006
-1.40000486374
-1.39999294281
-1.40002572536
-1.39997828007
-1.40000796318
-1.40001869202
-1.40001428127
-1.40002071857
-1.40001118183
-1.40001952648
-1.39997446537
-1.40003252029
-1.39999902248
-1.39999449253
-1.39997363091
-1.4000235796
-1.39996922016
-1.39998793602
-1.40001153946
-1.40000700951
-1.40001988411
-1.40001797676
-1.39998447895
-1.39998936653
-1.39999175072
-1.39999628067
-1.39995527267
-1.40001189709
-1.39997518063
-1.40001225471
-1.39997172356
-1.39997708797
-1.39998066425
-1.39999675751
-1.40002024174
-1.39998519421
-1.39997148514
-1.39996826649
-1.39999377728
-1.40001487732
-1.40000724792
-1.39999949932
-1.39998733997
-1.39996027946
-1.39997565746
-1.40000355244
-1.4000146389
-1.39998984337
-1.39998054504
-1.40000867844
-1.40000033379
-1.40000629425
-1.40000748634
-1.40001904964
-1.40001940727
-1.39998924732
-1.39999818802
-1.3999786377
-1.39999389648
-1.40001678467
-1.40000164509
-1.40001320839
-1.40002715588
-1.39998197556
-1.39997732639
-1.40001571178
-1.40000867844
-1.40002596378
-1.40000152588
-1.40001320839
-1.40003275871
-1.40000665188
-1.40000605583
-1.40000367165
-1.39997923374
-1.39999103546
-1.40000605583
-1.40000081062
-1.3999992609
-1.40002250671
-1.40001726151
-1.39995777607
-1.40000128746
-1.39998841286
-1.40000140667
-1.40000021458
-1.39997076988
-1.39999437332
-1.40001881123
-1.39997971058
-1.40000987053
-1.39999091625
-1.40000116825
-1.39998662472
-1.40000152588
-1.3999876976
-1.39999973774
-1.40000927448
-1.39999783039
-1.39996743202
-1.39996957779
-1.40002906322
-1.39999771118
-1.39999139309
-1.39999079704
-1.4000108242
-1.39998006821
-1.39998793602
-1.39998364449
-1.39998161793
-1.39998877048
-1.40001094341
-1.40000069141
-1.399979949
-1.40000092983
-1.40000140667
-1.39999103546
-1.39998292923
-1.40000426769
-1.40000152588
-1.40000844002
-1.40000855923
-1.39998281002
-1.39999592304
-1.40000188351
-1.40001511574
-1.399990201
-1.40004348755
-1.40000128746
-1.40001142025
-1.39997839928
-1.40000164509
-1.40000844002
-1.40000736713
-1.40001213551
-1.39997899532
-1.39999556541
-1.40000009537
-1.40000998974
-1.39997959137
-1.40000402927
-1.40000879765
-1.39998996258
-1.39999318123
-1.39999580383
-1.40001165867
-1.39998376369
-1.39998757839
-1.39996898174
-1.4000184536
-1.39998841286
-1.4000133276
-1.40000987053
-1.40001261234
-1.40001833439
-1.40001547337
-1.40001511574
-1.40000915527
-1.39997029305
-1.40000259876
-1.3999928236
-1.40000641346
-1.40003108978
-1.39999675751
-1.39998698235
-1.40002715588
-1.39999032021
-1.39999222755
-1.39999091625
-1.4000351429
-1.40001618862
-1.39999091625
-1.3999786377
-1.40000665188
-1.39998662472
-1.39999067783
-1.40001773834
-1.39998447895
-1.39998960495
-1.40003156662
-1.39999687672
-1.40001654625
-1.400000453
-1.39997565746
-1.40002477169
-1.39998686314
-1.39999496937
-1.39998757839
-1.39998209476
-1.40001273155
-1.39997708797
-1.39997398853
-1.40001440048
-1.40001881123
-1.3999941349
-1.40000939369
-1.39998376369
-1.39999842644
-1.39997696877
-1.40000796318
-1.4000030756
-1.40001118183
-1.40000391006
-1.39999246597
-1.39999783039
-1.40004897118
-1.4000120163
-1.40002059937
-1.40000116825
-1.39996910095
-1.399990201
-1.40003180504
-1.39999353886
-1.39999210835
-1.39997398853
-1.39998292923
-1.39999139309
-1.40000903606
-1.40000998974
-1.40000164509
-1.40003585815
-1.4000082016
-1.40002846718
-1.39999783039
-1.40001392365
-1.39998877048
-1.40002083778
-1.39999890327
-1.40002274513
-1.40000271797
-1.40000092983
-1.40000879765
-1.39998209476
-1.4000248909
-1.39999270439
-1.39999580383
-1.40001070499
-1.40000104904
-1.39998984337
-1.40004062653
-1.40001726151
-1.40000426769
-1.4000171423
-1.39999318123
-1.39999341965
-1.4000030756
-1.4000056982
-1.40002143383
-1.40000760555
-1.40001118183
-1.40004217625
-1.39999818802
-1.39998435974
-1.39999854565
-1.40000498295
-1.40000557899
-1.40000295639
-1.40001559258
-1.4000120163
-1.40000474453
-1.39999353886
-1.39999091625
-1.40001678467
-1.39998984337
-1.39998877048
-1.39999639988
-1.40002787113
-1.39999878407
-1.40001785755
-1.39997637272
-1.39999449253
-1.4000184536
-1.3999928236
-1.40001380444
-1.4000108242
-1.40001177788
-1.40003037453
-1.39999616146
-1.40000498295
-1.39999008179
-1.39999616146
-1.39999043941
-1.40001988411
-1.39997732639
-1.40000271797
-1.40003418922
-1.40001010895
-1.3999825716
-1.40000033379
-1.40001189709
-1.39998054504
-1.40000033379
-1.40000069141
-1.3999941349
-1.40002095699
-1.39997887611
-1.40001261234
-1.39999485016
-1.40000140667
-1.39999639988
-1.39999592304
-1.39998209476
-1.39999639988
-1.39998090267
-1.40000355244
-1.39998495579
-1.40000653267
-1.40000522137
-1.3999928236
-1.40000152588
-1.39997243881
-1.39999568462
-1.39998435974
-1.3999979496
-1.39998245239
-1.39998376369
-1.39997577667
-1.40001034737
-1.39999723434
-1.39999902248
-1.39998865128
-1.40002989769
-1.40001666546
-1.39998197556
-1.39997923374
-1.39999759197
-1.39999806881
-1.40001094341
-1.40000939369
-1.40002250671
-1.39999222755
-1.40000796318
-1.39998471737
-1.39997398853
-1.39998185635
-1.39998233318
-1.39998912811
-1.40002202988
-1.40001547337
-1.40000212193
-1.39999604225
-1.39999699593
-1.4000171423
-1.39999580383
-1.39998650551
-1.39999175072
-1.40000534058
-1.40000069141
-1.40000450611
-1.3999787569
-1.40000581741
-1.40001237392
-1.40002131462
-1.39999341965
-1.40001034737
-1.40000355244
-1.39998137951
-1.400000453
-1.40001654625
-1.39999306202
-1.39999747276
-1.40000116825
-1.40001618862
-1.39998722076
-1.39998817444
-1.40000605583
-1.40002632141
-1.40002942085
-1.40002048016
-1.39999735355
-1.40001761913
-1.4000056982
-1.40000402927
-1.39997684956
-1.39999115467
-1.4000133276
-1.4000108242
-1.40002453327
-1.39997732639
-1.3999723196
-1.40000891685
-1.40000832081
-1.40001118183
-1.40001726151
-1.4000056982
-1.39999544621
-1.40002000332
-1.40002179146
-1.4000171423
-1.40000355244
-1.40001523495
-1.40005040169
-1.4000171423
-1.40000426769
-1.39998054504
-1.39998543262
-1.40000712872
-1.40001392365
-1.40000665188
-1.39995574951
-1.40001118183
-1.39998173714
-1.39996874332
-1.39997029305
-1.39999449253
-1.39996397495
-1.39997673035
-1.40001797676
-1.40001034737
-1.3999941349
-1.39998948574
-1.40000033379
-1.40000534058
-1.39997673035
-1.39999055862
-1.40000963211
-1.39999842644
-1.40001404285
-1.40000796318
-1.39999687672
-1.39999997616
-1.40001070499
-1.39996230602
-1.40001785755
-1.40001177788
-1.39999043941
-1.39997386932
-1.39998686314
-1.40003573895
-1.40003585815
-1.40001797676
-1.39999091625
-1.4000030756
-1.40000212193
-1.40000510216
-1.40001070499
-1.40002715588
-1.399995327
-1.39999365807
-1.40000605583
-1.39999651909
-1.39998197556
-1.40000927448
-1.40000402927
-1.40003502369
-1.40001797676
-1.40001308918
-1.40000796318
-1.39999008179
-1.40002286434
-1.40002286434