-1.39997804165
-1.3999838829
-1.39999425411
-1.39998471737
-1.39998936653
-1.39998173714
-1.3999710083
-1.40001821518
-1.40000450611
-1.39998590946
-1.39999747276
-1.39998161793
-1.40000879765
-1.39999234676
-1.39999103546
-1.39998817444
-1.39999222755
-1.40001904964
-1.40001237392
-1.39998996258
-1.39998674393
-1.40002048016
-1.39999270439
-1.40001440048
-1.39997088909
-1.39999842644
-1.40001022816
-1.39999186993
-1.40000295639
-1.40000581741
-1.40000009537
-1.39997887611
-1.40000522137
-1.39998614788
-1.39997982979
-1.39998626709
-1.3999825716
-1.39998555183
-1.39999043941
-1.39998114109
-1.39999639988
-1.39998054504
-1.40001308918
-1.40000414848
-1.4000082016
-1.39997494221
-1.40000844002
-1.39999139309
-1.399974823
-1.40000343323
-1.40001618862
-1.40007102489
-1.40003669262
-1.39998245239
-1.40001273155
-1.40000724792
-1.40002024174
-1.39999306202
-1.40002024174
-1.40000164509
-1.40002119541
-1.40000092983
-1.40001344681
-1.40000283718
-1.39997816086
-1.39999902248
-1.40001189709
-1.39998865128
-1.40001559258
-1.40000069141
-1.40000855923
-1.3999979496
-1.40000498295
-1.399995327
-1.39997279644
-1.39998650551
-1.40001225471
-1.39998626709
-1.40002691746
-1.40000271797
-1.39997112751
-1.40001285076
-1.39999973774
-1.39998435974
-1.39998626709
-1.40002334118
-1.4000235796
-1.39999067783
-1.39998030663
-1.39999401569
-1.40000617504
-1.39999628067
-1.40000987053
-1.39999175072
-1.39999055862
-1.40000581741
-1.39997959137
-1.39999008179
-1.39998579025
-1.39997637272
-1.40000724792
-1.39999365807
-1.40001237392
-1.40001606941
-1.39999568462
-1.399990201
-1.3999774456
-1.39998483658
-1.39996755123
-1.39999735355
-1.39999389648
-1.39999258518
-1.39998984337
-1.39999985695
-1.40001273155
-1.39999842644
-1.4000068903
-1.39999103546
-1.40001547337
-1.40000534058
-1.39999246597
-1.39999628067
-1.40001964569
-1.40000844002
-1.39999973774
-1.40001308918
-1.39998686314
-1.39999890327
-1.40001058578
-1.39999723434
-1.40000224113
-1.3999876976
-1.39999735355
-1.4000197649
-1.40001261234
-1.40001535416
-1.40002131462
-1.40001451969
-1.39999723434
-1.399990201
-1.40000474453
-1.40000987053
-1.40001773834
-1.39999854565
-1.40000033379
-1.40002286434
-1.40001392365
-1.40000104904
-1.40002024174
-1.39996767044
-1.40000879765
-1.40000879765
-1.40001451969
-1.39998149872
-1.39997756481
-1.40000903606
-1.40001416206
-1.40000903606
-1.3999915123
-1.39999139309
-1.39997017384
-1.40000331402
-1.39999902248
-1.39998233318
-1.40000283718
-1.39996802807
-1.39998078346
-1.40000247955
-1.39998924732
-1.40000629425
-1.39999139309
-1.39999008179
-1.40001034737
-1.4000326395
-1.39999473095
-1.39999341965
-1.40000283718
-1.40001344681
-1.39999616146
-1.40000987053
-1.4000068903
-1.40002465248
-1.39999628067
-1.40002739429
-1.39997255802
-1.39997982979
-1.39998924732
-1.39997303486
-1.39998090267
-1.4000017643
-1.40000844002
-1.40002453327
-1.4000197649
-1.40001821518
-1.40000343323
-1.39999580383
-1.40000629425
-1.40001773834
-1.40001237392
-1.4000262022
-1.40000069141
-1.39998710155
-1.4000133276
-1.39998841286
-1.40000319481
-1.40000152588
-1.39999258518
-1.40000450611
-1.40000772476
-1.40002679825
-1.40001368523
-1.40002453327
-1.399990201
-1.39998674393
-1.39997565746
-1.39998674393
-1.40000748634
-1.40003442764
-1.40000963211
-1.39999616146
-1.40000796318
-1.39997601509
-1.39999163151
-1.40000247955
-1.39997684956
-1.40000832081
-1.40001773834
-1.39999878407
-1.40000891685
-1.39999103546
-1.39996910095
-1.39999675751
-1.40000522137
-1.3999928236
-1.39996850491
-1.39999938011
-1.40002810955
-1.40001058578
-1.3999928236
-1.40000164509
-1.3999774456
-1.40000867844
-1.40000867844