-1.4000017643
-1.39999973774
-1.39997947216
-1.40000617504
-1.40002524853
-1.39998400211
-1.4000043869
-1.40000581741
-1.39998114109
-1.40000641346
-1.39998745918
-1.3999761343
-1.39997899532
-1.4000210762
-1.40000724792
-1.39999639988
-1.39999091625
-1.4000043869
-1.40001785755
-1.39997220039
-1.39998519421
-1.39999473095
-1.40002131462
-1.39996957779
-1.39998030663
-1.39999783039
-1.39998567104
-1.39999544621
-1.40000414848
-1.39999330044
-1.3999928236
-1.39998590946
-1.39999604225
-1.40000140667
-1.39999544621
-1.39999771118
-1.3999838829
-1.40001523495
-1.40000653267
-1.40001416206
-1.40000462532
-1.39999127388
-1.40004551411
-1.39996016026
-1.40001344681
-1.39999842644
-1.3999992609
-1.39999556541
-1.40001106262
-1.40001261234
-1.40002179146
-1.40000128746
-1.40001881123
-1.39999401569
-1.39999258518
-1.40000081062
-1.40002667904
-1.40000140667
-1.40002548695
-1.39999866486
-1.39998650551
-1.40000903606
-1.40002644062
-1.39998543262
-1.40000474453
-1.40001153946
-1.40001213551
-1.39999485016
-1.39996385574
-1.39997470379
-1.40001487732
-1.40001344681
-1.3999966383
-1.39999902248
-1.3999632597
-1.39998686314
-1.40000844002
-1.39999568462
-1.39997577667
-1.39999687672
-1.40000760555
-1.39999866486
-1.40000391006
-1.40002596378
-1.4000082016
-1.4000068903
-1.40000700951
-1.40000391006
-1.40001928806
-1.40003418922
-1.39999699593
-1.39999556541
-1.39999353886
-1.39998805523
-1.40000414848
-1.39998054504
-1.40000700951
-1.39997112751
-1.40000164509
-1.40000939369
-1.40000152588
-1.40003943443
-1.40001285076
-1.40002596378
-1.39999568462
-1.40001237392
-1.40003180504
-1.39999425411
-1.3999992609
-1.40000355244
-1.39998376369
-1.40000617504
-1.4000043869
-1.39997684956
-1.39998829365
-1.39999616146
-1.39997887611
-1.39998137951
-1.39997243881
-1.40001630783
-1.40001010895
-1.39995193481
-1.4000056982
-1.4000068903
-1.39999604225
-1.40001499653
-1.40000450611
-1.40001881123
-1.40000033379
-1.39998614788
-1.39999902248
-1.39997768402
-1.4000068903
-1.40000534058
-1.39999961853
-1.40001785755
-1.39999961853
-1.40000557899
-1.39997529984
-1.40001773834
-1.40000462532
-1.39999258518
-1.4000082016
-1.39998614788
-1.40001916885
-1.39999246597
-1.39999496937
-1.39999783039
-1.39998757839
-1.4000017643
-1.39999401569
-1.39999949932
-1.39997899532
-1.39998078346
-1.39999830723
-1.39999783039
-1.39998733997
-1.40000855923
-1.39997088909
-1.40000939369
-1.40001940727
-1.40001940727
-1.40000033379
-1.39998471737
-1.39997792244
-1.4000095129
-1.40002298355
-1.39997708797
-1.40000808239
-1.39998590946
-1.39997720718
-1.39999341965
-1.40001177788
-1.39999711514
-1.40000605583
-1.40000200272
-1.40002369881
-1.40001738071
-1.39998602867
-1.40000629425
-1.40001916885
-1.39997780323
-1.39998626709
-1.40000784397
-1.40003108978
-1.39998614788
-1.40002512932
-1.39998757839
-1.39999544621
-1.40001571178
-1.40002048016
-1.4000120163
-1.40000069141
-1.40004467964
-1.39999485016
-1.40001249313
-1.40000033379
-1.39998650551
-1.4000095129
-1.40003013611
-1.39999318123
-1.40001380444
-1.39998996258
-1.3999787569
-1.40001142025
-1.39998185635
-1.40000855923
-1.39998555183
-1.40000772476
-1.40000033379
-1.40000939369
-1.39997434616
-1.40000164509
-1.39998483658
-1.39995574951
-1.40000712872
-1.3999607563
-1.39999246597
-1.39997017384
-1.39999639988
-1.39999902248
-1.39999485016
-1.40000534058
-1.39998722076
-1.3999915123
-1.39998006821
-1.39999341965
-1.39999759197
-1.39999234676
-1.39999139309
-1.40000867844
-1.3999838829
-1.3999992609
-1.39998912811
-1.3999966383
-1.40001094341
-1.40000915527
-1.40001773834
-1.400000453
-1.39995956421
-1.40000605583
-1.40001225471
-1.40003168583
-1.4000043869
-1.39998018742
-1.4000095129
-1.40001046658
-1.39997267723
-1.40000855923
-1.39998066425
-1.39999866486
-1.4000043869
-1.40001428127
-1.40000379086
-1.40001320839
-1.40000426769
-1.3999863863
-1.39999222755
-1.3999632597
-1.39999377728
-1.40002417564
-1.39997899532
-1.40002536774
-1.40001797676
-1.39999866486
-1.39998054504
-1.4000005722
-1.40000903606
-1.39998829365
-1.40000009537
-1.40002214909
-1.39998936653
-1.39998936653