-1.39999806881
-1.40004742146
-1.40004611015
-1.40003728867
-1.40002739429
-1.40003919601
-1.40002381802
-1.40003407001
-1.40001630783
-1.4000313282
-1.40004587173
-1.40006017685
-1.40001881123
-1.40001308918
-1.40005111694
-1.40003609657
-1.40000832081
-1.40000748634
-1.40000450611
-1.40003216267
-1.40001749992
-1.4000428915
-1.40003311634
-1.40002512932
-1.40001654625
-1.40001773834
-1.40005147457
-1.40001630783
-1.40002334118
-1.40003681183
-1.40003430843
-1.40005505085
-1.40003609657
-1.40003633499
-1.40001296997
-1.40002906322
-1.4000017643
-1.40001153946
-1.40002012253
-1.40001881123
-1.40004038811
-1.40002548695
-1.40002417564
-1.40001690388
-1.40001726151
-1.40001916885
-1.40003311634
-1.39999628067
-1.40001344681
-1.40004694462
-1.40001773834
-1.40004956722
-1.4000184536
-1.40005683899
-1.40004110336
-1.40003025532
-1.40001893044
-1.40000748634
-1.40001821518
-1.40000832081
-1.40003323555
-1.40005064011
-1.40002739429
-1.4000672102
-1.40002536774
-1.40006279945
-1.40001094341
-1.40003728867
-1.40006244183
-1.40003311634
-1.4000428915
-1.4000313282
-1.4000146389
-1.40002441406
-1.40001964569
-1.4000275135
-1.40005016327
-1.4000108242
-1.4000518322
-1.40001988411
-1.40002071857
-1.40001094341
-1.40003716946
-1.40003585815
-1.40003037453
-1.4000223875
-1.40004241467
-1.4000210762
-1.40002501011
-1.40002501011
-1.40001893044
-1.40001666546
-1.40004718304
-1.40005064011
-1.40002191067
-1.40002977848
-1.4000377655
-1.40004396439
-1.40004718304
-1.40002906322
-1.40002548695
-1.4000275135
-1.4000184536
-1.40003168583
-1.40004432201
-1.39998841286
-1.40005850792
-1.40002369881
-1.40003407001
-1.40003454685
-1.40004432201
-1.4000428915
-1.40005850792
-1.4000313282
-1.40003478527
-1.40002954006
-1.40004920959
-1.40005528927
-1.40002143383
-1.40004098415
-1.40002048016
-1.40001344681
-1.40003335476
-1.40005016327
-1.40004134178
-1.40001046658
-1.4000197649
-1.40002202988
-1.40002918243
-1.40002119541
-1.40002250671
-1.40001642704
-1.40003180504
-1.40003347397
-1.40003585815
-1.4000235796
-1.40003931522
-1.40004038811
-1.40000426769
-1.4000377655
-1.4000146389
-1.40003013611
-1.40004277229
-1.4000197649
-1.40005588531
-1.40003979206
-1.40003144741
-1.40003025532
-1.40001296997
-1.40002512932
-1.40002334118
-1.4000389576
-1.40001046658
-1.39999628067
-1.40002977848
-1.40003216267
-1.4000210762
-1.40005731583
-1.40004384518
-1.4000442028
-1.40004551411
-1.40001785755
-1.40003156662
-1.40003037453
-1.39999496937
-1.40002310276
-1.40004110336
-1.40002477169
-1.40002763271
-1.40001440048
-1.40000760555
-1.40002584457
-1.40001142025
-1.40002644062
-1.40003979206
-1.40002882481
-1.40001440048
-1.40002059937
-1.40002763271
-1.40002608299
-1.40002024174
-1.4000108242
-1.4000389576
-1.40003037453
-1.40002036095
-1.40003871918
-1.40003013611
-1.40003991127
-1.40002429485
-1.40000748634
-1.40002667904
-1.40002894402
-1.40004134178
-1.40001177788
-1.40001142025
-1.40003108978
-1.40002000332
-1.40001618862
-1.40002655983
-1.40002393723
-1.40004789829
-1.40002369881
-1.40004575253
-1.40001630783
-1.40004062653
-1.4000660181
-1.40000522137
-1.40000522137