-1.40000641346
-1.40001356602
-1.40000641346
-1.40002417564
-1.40000474453
-1.40004396439
-1.39998114109
-1.4000389576
-1.39997673035
-1.40000021458
-1.39999210835
-1.40000486374
-1.39999520779
-1.39999914169
-1.3999915123
-1.39999711514
-1.40001773834
-1.40001583099
-1.40000367165
-1.39998710155
-1.40001034737
-1.40002191067
-1.39997887611
-1.40000832081
-1.39998579025
-1.40000116825
-1.39999651909
-1.40000426769
-1.39999639988
-1.39997708797
-1.39999330044
-1.39998352528
-1.40000188351
-1.40001940727
-1.40001404285
-1.39999306202
-1.39997887611
-1.40001046658
-1.39996337891
-1.4000184536
-1.39998745918
-1.4000184536
-1.40000474453
-1.39998984337
-1.40001058578
-1.39999270439
-1.39999830723
-1.40000474453
-1.40001654625
-1.39999508858
-1.39999008179
-1.40003097057
-1.40001010895
-1.39997363091
-1.39999365807
-1.39997315407
-1.39998733997
-1.39999890327
-1.400000453
-1.40002572536
-1.40000009537
-1.39999306202
-1.40002155304
-1.39999401569
-1.40000295639
-1.40001308918
-1.40000844002
-1.39998781681
-1.40000903606
-1.39999341965
-1.40001749992
-1.40000355244
-1.40000855923
-1.40000867844
-1.40000021458
-1.40000653267
-1.39998376369
-1.40000450611
-1.40001380444
-1.39998745918
-1.39999818802
-1.40000009537
-1.39998674393
-1.40000188351
-1.40001022816
-1.39998245239
-1.40003561974
-1.40002429485
-1.40000367165
-1.40004432201
-1.3999979496
-1.39998793602
-1.40000021458
-1.39999067783
-1.40000760555
-1.39998197556
-1.40000832081
-1.39998805523
-1.40002775192
-1.40000522137
-1.4000248909
-1.39996874332
-1.40000379086
-1.39999723434
-1.39997303486
-1.39998531342
-1.40000200272
-1.39998722076
-1.4000184536
-1.3999992609
-1.39997947216
-1.39998161793
-1.40001797676
-1.40000128746
-1.40000355244
-1.40001964569
-1.39998602867
-1.39997541904
-1.40002214909
-1.39999008179
-1.39999294281
-1.39998614788
-1.3999915123
-1.39999830723
-1.39998674393
-1.40001857281
-1.40000319481
-1.40001797676
-1.40001130104
-1.39999806881
-1.39999353886
-1.39998853207
-1.39998340607
-1.40002822876
-1.40000975132
-1.39997982979
-1.39998698235
-1.39997386932
-1.39998102188
-1.39998805523
-1.39998614788
-1.40000128746
-1.4000120163
-1.3999723196
-1.39998745918
-1.40001928806
-1.39999103546
-1.40000891685
-1.40000808239
-1.39998936653
-1.39999377728
-1.4000223875
-1.40001404285
-1.40000021458
-1.39998710155
-1.39998281002
-1.4000223875
-1.40000665188
-1.40001237392
-1.40001964569
-1.39999556541
-1.40000832081
-1.39999258518
-1.40000629425
-1.39993846416
-1.39999067783
-1.39999818802
-1.40001738071
-1.39999032021
-1.39999461174
-1.39999616146
-1.39999401569
-1.40002429485
-1.39996385574
-1.40000343323
-1.40000677109
-1.39998662472
-1.40000343323
-1.400000453
-1.40000557899
-1.39998173714
-1.40003061295
-1.39998519421
-1.40002429485
-1.40002214909
-1.4000043869
-1.39998459816
-1.39999032021
-1.40002274513
-1.40002524853
-1.40002131462
-1.40000593662
-1.40000879765
-1.39999103546
-1.39999520779
-1.39995539188
-1.39998829365
-1.40002191067
-1.39999496937
-1.39999771118
-1.40001702309
-1.39999353886
-1.39998960495
-1.39996767044
-1.39999353886
-1.4000056982
-1.40003228188
-1.40001678467
-1.39999699593
-1.40000510216
-1.39999556541
-1.40000677109
-1.40002965927
-1.39996194839
-1.39999687672
-1.40000188351
-1.39997696877
-1.39997279644
-1.39997386932
-1.39996385574
-1.40001380444
-1.39998853207
-1.40000402927
-1.40000724792
-1.40000319481
-1.39998054504
-1.40001261234
-1.40000760555
-1.39999878407
-1.40001142025
-1.39999878407
-1.39999783039
-1.39998674393
-1.40000379086
-1.399995327
-1.40000534058
-1.40002441406
-1.4000440836
-1.39998304844
-1.39999437332
-1.39997291565
-1.40000641346
-1.39999616146
-1.40002596378
-1.39996993542
-1.40000152588
-1.39998185635
-1.39999246597
-1.39996814728
-1.39996695518
-1.40001535416
-1.40000236034
-1.39996683598
-1.40002143383
-1.40001320839
-1.39996850491
-1.39997565746
-1.4000017643
-1.39999365807
-1.40001499653
-1.39999496937
-1.40000295639
-1.39998245239
-1.40003144741
-1.40000426769
-1.40001070499
-1.39999246597
-1.39996981621
-1.39996564388
-1.39999294281
-1.39999997616
-1.39998543262
-1.40000331402
-1.39997053146
-1.39997720718
-1.40001118183
-1.39998435974
-1.39998793602
-1.39996945858
-1.40000796318
-1.39997768402
-1.39999616146
-1.39999723434
-1.4000108242
-1.39998483658
-1.39999580383
-1.39999425411
-1.40001702309
-1.40003812313
-1.40002465248
-1.39998996258
-1.40000391006
-1.40000140667
-1.40000605583
-1.39990878105
-1.40001010895
-1.39998376369
-1.40001177788
-1.40000545979
-1.39999341965
-1.39997661114
-1.39997529984
-1.399964571
-1.39999306202
-1.39999961853
-1.39995467663
-1.39997708797
-1.399995327
-1.40000879765
-1.39997661114
-1.39999902248
-1.39998197556
-1.39997565746
-1.39999961853
-1.39998722076
-1.40000557899
-1.39999055862
-1.40000987053
-1.40000081062
-1.40001654625
-1.40004205704
-1.4000108242
-1.4000171423
-1.39998888969
-1.40001666546
-1.39996862411
-1.40000987053
-1.39999556541
-1.3999838829
-1.40000402927
-1.40001857281
-1.40002441406
-1.39999437332
-1.4000133276
-1.40003538132
-1.40000641346
-1.40000545979
-1.40001022816
-1.4000428915
-1.399990201
-1.39997649193
-1.40001189709
-1.40001106262
-1.39999330044
-1.40001654625
-1.39998555183
-1.39997160435
-1.40002894402
-1.40000462532
-1.39999592304
-1.39999985695
-1.39998722076
-1.39997136593
-1.40000236034
-1.40000486374
-1.39999496937
-1.40002369881
-1.39999103546
-1.4000030756
-1.40000665188
-1.40001475811
-1.40001690388
-1.40000343323
-1.40000009537
-1.40000283718
-1.40001487732
-1.39999938011
-1.40001690388
-1.4000056982
-1.39997410774
-1.39998626709
-1.4000108242
-1.40000808239
-1.39999473095
-1.40002191067
-1.39999139309
-1.39999115467
-1.40000236034
-1.39997828007
-1.39998054504
-1.40000367165
-1.39999425411
-1.40002667904
-1.40001153946
-1.39996170998
-1.39998936653
-1.3999787569
-1.40000855923
-1.39997184277
-1.39996111393
-1.39999890327
-1.39999294281
-1.39997255802
-1.40002024174
-1.40002572536
-1.40001678467
-1.39999139309
-1.4000402689
-1.39997684956
-1.40001380444
-1.39999318123
-1.40000486374
-1.3999992609
-1.40000343323
-1.40001630783
-1.39999902248
-1.40000998974
-1.39999163151
-1.39999639988
-1.40000545979
-1.40001368523
-1.39999842644
-1.40000164509
-1.39997529984
-1.40000855923
-1.40002834797
-1.39999783039
-1.39995336533
-1.40000033379
-1.39999830723
-1.4000005722
-1.39999163151
-1.40001487732
-1.39998829365
-1.40000915527
-1.39999198914
-1.39999246597
-1.39999008179
-1.40002012253
-1.39999306202
-1.39999437332
-1.39996826649
-1.3999928236
-1.40003633499
-1.39998722076
-1.40001904964
-1.40003585815
-1.39999389648
-1.39998960495
-1.4000030756
-1.39999485016
-1.39999270439
-1.40001881123
-1.39999985695
-1.40001356602
-1.399964571
-1.40000700951
-1.39998531342
-1.4000262022
-1.40002703667
-1.40000724792
-1.39998531342
-1.40000402927
-1.40000164509
-1.4000068903
-1.39996755123
-1.39996051788
-1.39998281002
-1.40002441406
-1.39998853207
-1.39996051788
-1.3999761343
-1.39999628067
-1.40000510216
-1.39999437332
-1.40001630783
-1.39999544621
-1.40002310276
-1.4000068903
-1.39999675751
-1.3999838829
-1.40001344681
-1.39998865128
-1.39998662472
-1.39998483658
-1.39999401569
-1.39999938011
-1.39996862411
-1.39998567104
-1.39999997616
-1.40001666546
-1.40000998974
-1.40000295639
-1.40000104904
-1.40001761913
-1.39999604225
-1.40000474453
-1.39998877048
-1.40000879765
-1.39995336533
-1.40000712872
-1.39997386932
-1.39996981621
-1.39999234676
-1.39998543262
-1.40000605583
-1.40003240108
-1.40000188351
-1.40000534058
-1.39998674393
-1.40003025532
-1.40000224113
-1.39999222755
-1.40000987053
-1.40001308918
-1.39999878407
-1.40000116825
-1.39999163151
-1.39998435974
-1.39998149872
-1.39997768402
-1.40000450611
-1.40002298355
-1.39997661114
-1.39999103546
-1.40003490448
-1.39998292923
-1.40001690388
-1.3999890089
-1.40001416206
-1.40002429485
-1.40003979206
-1.40000736713
-1.4000068903
-1.40000164509
-1.40001821518
-1.39999771118
-1.39999067783
-1.39999198914
-1.39999032021
-1.39998352528
-1.40001749992
-1.39999699593
-1.39995396137
-1.4000222683
-1.40002405643
-1.40001249313
-1.40001177788
-1.3999825716
-1.39998281002
-1.39999783039
-1.39997470379
-1.39999258518
-1.39998137951
-1.39998948574
-1.40003478527
-1.39999735355
-1.39998996258
-1.39997720718
-1.39999902248
-1.40001142025
-1.39999759197
-1.39998805523
-1.40000391006
-1.40001940727
-1.40000975132
-1.39999198914
-1.39998173714
-1.39996826649
-1.39999306202
-1.40000593662
-1.39997935295
-1.40000009537
-1.40000367165
-1.39997673035
-1.40000534058
-1.40000605583
-1.40000641346
-1.40002965927
-1.39998877048
-1.39997601509
-1.39997911453
-1.40003466606
-1.40003275871
-1.40000212193
-1.39999437332
-1.40000593662
-1.40001559258
-1.40000891685
-1.3999979496
-1.39998912811
-1.39999389648
-1.39999449253
-1.40000402927
-1.39999520779
-1.39999222755
-1.39997279644
-1.40000200272
-1.40002977848
-1.39998972416
-1.40004134178
-1.40000522137
-1.39999055862
-1.39999818802
-1.39997673035
-1.39998722076
-1.39999318123
-1.40000021458
-1.40000832081
-1.40001368523
-1.39998471737
-1.40000367165
-1.40000128746
-1.39996337891
-1.40000963211
-1.39999544621
-1.39997255802
-1.39999341965
-1.40004098415
-1.39998006821
-1.39998698235
-1.40001893044
-1.40000379086
-1.39999783039
-1.40000557899
-1.40001058578
-1.40003073215
-1.39998948574
-1.40000367165
-1.39999628067
-1.39997959137
-1.40000915527
-1.40000116825
-1.39999711514
-1.39999985695
-1.39998924732
-1.39999675751
-1.40000867844
-1.40000963211
-1.40001392365
-1.39999628067
-1.40002202988
-1.40000510216
-1.39999043941
-1.40001273155
-1.40002095699
-1.40001785755
-1.40001285076
-1.39997458458
-1.39998590946
-1.4000210762
-1.40000236034
-1.40000450611
-1.4000146389
-1.4000146389