-1.39998841286
-1.40001225471
-1.40000295639
-1.39998376369
-1.4000262022
-1.40003204346
-1.40001547337
-1.40002012253
-1.39998924732
-1.40003550053
-1.39999830723
-1.39998996258
-1.40001392365
-1.4000146389
-1.3999787569
-1.39998376369
-1.39997684956
-1.40000188351
-1.40002310276
-1.39998197556
-1.39998722076
-1.40001559258
-1.40001630783
-1.40004217625
-1.39999747276
-1.39998316765
-1.40000891685
-1.40000474453
-1.40002548695
-1.39999616146
-1.40001165867
-1.40002477169
-1.39999032021
-1.40000808239
-1.40000939369
-1.39999687672
-1.40000772476
-1.39998865128
-1.40000009537
-1.39999365807
-1.39999568462
-1.3999774456
-1.39996516705
-1.3999774456
-1.4000068903
-1.40000879765
-1.39999389648
-1.39998650551
-1.39997661114
-1.40000855923
-1.40002906322
-1.39999377728
-1.39999079704
-1.40001034737
-1.39997279644
-1.39997589588
-1.39997935295
-1.39998114109
-1.40001642704
-1.40001046658
-1.39999449253
-1.40002143383
-1.39999079704
-1.39999973774
-1.39998745918
-1.4000146389
-1.40001583099
-1.40000295639
-1.40000927448
-1.40002202988
-1.40002536774
-1.39997053146
-1.3999710083
-1.39999735355
-1.39998352528
-1.39995574951
-1.39999115467
-1.39998590946
-1.40001022816
-1.39998590946
-1.40002822876
-1.39998674393
-1.40000522137
-1.40000844002
-1.40001904964
-1.40001690388
-1.40001642704
-1.39995884895
-1.40000975132
-1.4000017643
-1.39998579025
-1.39997947216
-1.40000879765
-1.39997446537
-1.40000927448
-1.40001833439
-1.40002143383
-1.40001118183
-1.40003681183
-1.39998054504
-1.39999961853
-1.40000748634
-1.40000534058
-1.39997529984
-1.40001106262
-1.40001749992
-1.40000867844
-1.4000005722
-1.40001571178
-1.39999306202
-1.3999658823
-1.40000128746
-1.39997434616
-1.39999198914
-1.40000498295
-1.39999818802
-1.40000581741
-1.39997291565
-1.39998137951
-1.40000092983
-1.3999723196
-1.40000414848
-1.39999067783
-1.40001308918
-1.40000462532
-1.39999508858
-1.40002202988
-1.39999914169
-1.40003013611
-1.39999508858
-1.40001368523
-1.39998054504
-1.3999992609
-1.4000056982
-1.39997971058
-1.40001928806
-1.4000030756
-1.40001416206
-1.40001165867
-1.39997851849
-1.39999437332
-1.40002775192
-1.3999774456
-1.39999449253
-1.39997053146
-1.3999915123
-1.39998626709
-1.40002954006
-1.40000033379
-1.39998853207
-1.39995896816
-1.399990201
-1.40002465248
-1.39997947216
-1.39998936653
-1.39998316765
-1.40001034737
-1.4000120163
-1.39996218681
-1.40002310276
-1.39999234676
-1.39999568462
-1.39998888969
-1.39998090267
-1.40000104904
-1.40001189709
-1.39997673035
-1.40000522137
-1.39998996258
-1.39997553825
-1.4000133276
-1.40000140667
-1.40001475811
-1.3999941349
-1.39998972416
-1.39999651909
-1.40000474453
-1.39998996258
-1.39999711514
-1.399985075
-1.40001285076
-1.40001773834
-1.39997339249
-1.40000832081
-1.3999979496
-1.40000331402
-1.40002155304
-1.4000017643
-1.4000210762
-1.40003597736
-1.4000043869
-1.40001189709
-1.39998710155
-1.39999806881
-1.40002787113
-1.40002644062
-1.39998567104
-1.4000171423
-1.40004885197
-1.40001916885
-1.40001308918
-1.39999747276
-1.4000222683
-1.39999783039
-1.39997005463
-1.40000844002
-1.40000581741
-1.40001690388
-1.40000271797
-1.40002858639
-1.39997911453
-1.39997148514
-1.40000557899
-1.39998590946
-1.39999604225
-1.39999055862
-1.39999806881
-1.39999628067
-1.40000593662
-1.39999222755
-1.40000796318
-1.40000557899
-1.39999222755
-1.40001618862
-1.39998328686
-1.40002012253
-1.40000474453
-1.39997470379
-1.39998733997
-1.40001261234
-1.40001821518
-1.40001058578
-1.40001726151
-1.39997208118
-1.40002596378
-1.39998996258
-1.40002548695
-1.40000724792
-1.39998042583
-1.40001761913
-1.40001583099
-1.40000557899
-1.40001559258
-1.40001380444
-1.39999008179
-1.39998364449
-1.39999365807
-1.40001916885
-1.39998412132
-1.39999496937
-1.40000188351
-1.40001821518
-1.39999938011
-1.40000629425
-1.40000021458
-1.39996910095
-1.39998304844
-1.39998614788
-1.39999914169
-1.39999783039
-1.39998865128
-1.3999787569
-1.39999461174
-1.39997947216
-1.40001642704
-1.39999032021
-1.39998006821
-1.39999055862
-1.39997172356
-1.40002059937
-1.3999876976
-1.4000095129
-1.4000056982
-1.39999353886
-1.39999914169
-1.40001618862
-1.39999938011
-1.40001118183
-1.39998018742
-1.40000593662
-1.39998936653
-1.40000629425
-1.40001451969
-1.40000987053
-1.40000128746
-1.4000120163
-1.40001368523
-1.40002095699
-1.40001559258
-1.40002548695
-1.39999496937
-1.40002822876
-1.4000120163
-1.40000224113
-1.40001440048
-1.40003550053
-1.39999127388
-1.3999915123
-1.40001511574
-1.40001261234
-1.39999198914
-1.3999890089
-1.39994311333
-1.39998412132
-1.40000200272
-1.40000867844
-1.39998590946
-1.39998412132
-1.40000069141
-1.39997935295
-1.3999928236
-1.39998078346
-1.4000095129
-1.39997768402
-1.40000510216
-1.39999938011
-1.39997696877
-1.39999079704
-1.40000522137
-1.40001583099
-1.39998340607
-1.39998853207
-1.40001344681
-1.399995327
-1.40001809597
-1.39999949932
-1.39998626709
-1.39999997616
-1.3999683857
-1.39998066425
-1.39999508858
-1.39999401569
-1.40002727509
-1.40000998974
-1.40000224113
-1.40001249313
-1.39999043941
-1.40000903606
-1.3999992609
-1.39997220039
-1.39999485016
-1.4000133276
-1.39998066425
-1.40001046658
-1.39999616146
-1.40001320839
-1.39996922016
-1.39999103546
-1.40001022816
-1.40000295639
-1.3999890089
-1.39999639988
-1.39999568462
-1.40000164509
-1.39999163151
-1.39997601509
-1.39996981621
-1.39999115467
-1.40002071857
-1.39999771118
-1.40002429485
-1.39999771118
-1.39999771118
-1.39999854565
-1.39999723434
-1.39999628067
-1.39998710155
-1.40001177788
-1.40000152588
-1.39998173714
-1.40000832081
-1.40000367165
-1.40000963211
-1.40001475811
-1.40000796318
-1.40001523495
-1.40001904964
-1.40000653267
-1.40002787113
-1.40002715588
-1.40001511574
-1.40001010895
-1.40000140667
-1.39999783039
-1.39999246597
-1.40001213551
-1.39998364449
-1.40000784397
-1.39999210835
-1.40000295639
-1.40000104904
-1.39998054504
-1.39996600151
-1.40000593662
-1.40000128746
-1.39998698235
-1.40000331402
-1.40002274513
-1.40000295639
-1.40000116825
-1.40000450611
-1.39998888969
-1.39999973774
-1.39997959137
-1.40001547337
-1.39999055862
-1.39999544621
-1.40001010895
-1.39999759197
-1.39998948574
-1.39999079704
-1.39999938011
-1.40000391006
-1.3999786377
-1.39998435974
-1.40000391006
-1.40001952648
-1.40000116825
-1.40002644062
-1.4000095129
-1.39999723434
-1.39999449253
-1.40000033379
-1.40002560616
-1.40002465248
-1.40001881123
-1.40001821518
-1.4000095129
-1.39997732639
-1.40001940727
-1.40001487732
-1.39998447895
-1.40003013611
-1.40002036095
-1.40000748634
-1.39998030663
-1.40000700951
-1.39998555183
-1.40002954006
-1.40000414848
-1.4000082016
-1.4000095129
-1.3999786377
-1.39999222755
-1.4000428915
-1.39998757839
-1.39999139309
-1.40000593662
-1.40000593662