-1.3999915123
-1.39998877048
-1.40002441406
-1.40000593662
-1.39999985695
-1.39999139309
-1.39998424053
-1.40001165867
-1.39999544621
-1.40000355244
-1.39998698235
-1.39999401569
-1.3999928236
-1.40000557899
-1.39998471737
-1.40000271797
-1.40000808239
-1.39998400211
-1.39998161793
-1.40002286434
-1.39999103546
-1.39999389648
-1.40001118183
-1.39997291565
-1.39997375011
-1.39998424053
-1.40000295639
-1.40001273155
-1.40000092983
-1.40000116825
-1.39998352528
-1.40002298355
-1.3999941349
-1.4000108242
-1.39997684956
-1.39996612072
-1.39999544621
-1.40001904964
-1.40000855923
-1.40003681183
-1.39999175072
-1.40000665188
-1.39997124672
-1.40001356602
-1.40002584457
-1.40002167225
-1.40003108978
-1.39999818802
-1.39999985695
-1.39999878407
-1.39996671677
-1.39996671677